centroides: [[0.5139356127014901, 0.808844558609983, 0.07684303742795902, 0.004830240637948611, 0.05445218954771936, 0.0014065450471153615, 0.04627141141717337, 0.0013983534057283478, 0.10873986120175583, 0.09135271445052114, 0.09235725249392283, 0.14263372409678948, 0.6791758924149534, 0.07895762429233442, 0.8213429896184882, 0.1348587238181352, 0.41456808148172325, 0.8923363993259932], [0.554710981366036, 0.5527383016776429, 0.0074968387798848525, 0.03557909021688303, 0.12723535765935898, 0.012216559671703686, 0.2706781670588407, 0.04241745302975938, 0.25188623723020825, 0.2304489196670179, 0.2940946635196494, 0.22743635653193187, 0.6055345569303023, 0.3936309431953055, 0.38870435127318065, 0.29460490486537416, 0.31702903923246106, 0.1421546521045506], [0.5060390249446276, 0.5615628753477035, 0.0571235910950325, 0.03810852230082736, 0.08726510713580532, 0.002435119848087749, 0.062968262742999, 0.0014383077760764728, 0.3780599828623307, 0.35185116602408767, 0.44463654817012443, 0.3322100455794259, 0.5323260170153696, 0.5402623888798185, 0.2266607982572314, 0.44463654817012443, 0.29699462866224197, 0.16857343303702507], [0.5059268705080184, 0.3105762396575312, 0.0, 0.10467271643354731, 0.7247354852754228, 0.4295045963791036, 0.4363613729677246, 0.1949211414225763, 0.3019860741026341, 0.26728196743156935, 0.3501473644148434, 0.2839173345400746, 0.49792130771346454, 0.4340098140194638, 0.43302817689260276, 0.3501473644148434, 0.3838442482991407, 0.12040176870162625], [0.5311125250241502, 0.14931797398528399, 0.027711598696542272, 0.0016423699536200237, 0.0301838273704843, 0.0005425813540483786, 0.026726623458750935, 0.0005847198569348686, 0.8243045987748113, 0.7808675430304516, 0.8949102134652592, 0.790064679661511, 0.2709701807519344, 0.6650971422720241, 0.2911336480586587, 0.8949102134652592, 0.2110811208151762, 0.12488246660227272], [0.4239359809028398, 0.37675441184471314, 0.06310045150781877, 0.01960952587616435, 0.07340982124935842, 0.0022340706256149243, 0.04673899899303195, 0.0018847622118299348, 0.16338943168521136, 0.1504474264651178, 0.203773990627741, 0.13283713603517183, 0.6924423833346052, 0.3639623435874151, 0.34816490644554415, 0.20394669907044327, 0.41542235266387095, 0.19182138893580186], [0.4791651455179783, 0.4559931293638008, 0.02077653387595193, 0.01382782929924168, 0.03527052250318496, 0.0019521357990793782, 0.023225517242174587, 0.00166587518982682, 0.026566569587400796, 0.021060386690031394, 0.04077175188146964, 0.01678547482018609, 0.7874500586139654, 0.2061315304009389, 0.5061005340658188, 0.04177843681394162, 0.6667782038916025, 0.21922694179880442]]
 
Quantidade de elementos por grupo
 Partição 0: 297
 Partição 1: 92
 Partição 2: 399
 Partição 3: 14
 Partição 4: 300
 Partição 5: 425
 Partição 6: 573
 
 hyperparametros: [25.37659245236632, 7.030188653598421, 4.558365074034463, 3.008404534773727, 1.2060645902694995, 0.047538648692899144, 0.48131095147143466, 0.03962319178367413, 0.7892369925031225, 0.9697648081143636, 0.7211770613041925, 0.8600556959367469, 2.9598288613681514, 1.801479481074516, 1.2019811638364104, 0.7298075674187637, 8.19969477888181, 1.4866555275259454]
 
Lista de objetos por grupo: {0: [563, 565, 572, 605, 765, 766, 768, 769, 772, 776, 778, 779, 782, 787, 792, 796, 797, 799, 800, 803, 804, 809, 811, 1339, 1645, 1657, 1664, 1679, 1685, 1687, 1690, 0, 1, 3, 4, 6, 7, 8, 9, 10, 11, 12, 13, 15, 16, 17, 20, 22, 24, 25, 28, 29, 30, 31, 34, 35, 36, 40, 43, 45, 46, 47, 555, 556, 557, 558, 559, 560, 561, 562, 564, 566, 567, 570, 571, 573, 574, 575, 576, 577, 578, 581, 582, 584, 586, 588, 589, 590, 591, 593, 597, 600, 603, 604, 606, 610, 763, 764, 767, 780, 781, 783, 785, 788, 791, 795, 806, 807, 1337, 1344, 1346, 1348, 1350, 1351, 1354, 1355, 1358, 1359, 1360, 1364, 1365, 1367, 1370, 1371, 1372, 1374, 1375, 1376, 1377, 1644, 1646, 1647, 1648, 1651, 1652, 1653, 1655, 1656, 1660, 1663, 1665, 1669, 1670, 1671, 1672, 1675, 1677, 1678, 1680, 1681, 1682, 1683, 1684, 1691, 1692, 1693, 1694, 1696, 1699, 1985, 1988, 1989, 1990, 1991, 1992, 1995, 2000, 2001, 2002, 2004, 2005, 2006, 2007, 2008, 2012, 2014, 2015, 2016, 2017, 2019, 2020, 2021, 2022, 2023, 2026, 2027, 2029, 2, 5, 14, 18, 19, 21, 23, 26, 27, 32, 33, 37, 38, 39, 41, 42, 44, 568, 569, 579, 580, 583, 585, 587, 592, 594, 595, 596, 598, 599, 601, 602, 607, 608, 609, 770, 771, 773, 774, 775, 777, 784, 786, 789, 790, 793, 794, 798, 801, 802, 805, 808, 810, 812, 1335, 1336, 1338, 1340, 1341, 1342, 1343, 1345, 1347, 1349, 1352, 1353, 1356, 1357, 1361, 1362, 1363, 1366, 1368, 1369, 1373, 1378, 1649, 1650, 1654, 1658, 1659, 1661, 1662, 1666, 1667, 1668, 1673, 1674, 1676, 1686, 1688, 1689, 1695, 1697, 1698, 1984, 1986, 1987, 1993, 1994, 1997, 1998, 1999, 2003, 2010, 2013, 2018, 2024, 2025, 2028], 1: [1708, 1726, 1021, 1274, 1452, 2079, 1556, 695, 1026, 1051, 1727, 449, 703, 1701, 1703, 1705, 1707, 1711, 397, 404, 465, 1030, 1713, 2047, 402, 1719, 694, 702, 1700, 1706, 1710, 1712, 1714, 1717, 1718, 1720, 1722, 1723, 1724, 1722, 1768, 1285, 1439, 1529, 2034, 2059, 1022, 1032, 1037, 1038, 1702, 1704, 1716, 1716, 1771, 2042, 2043, 2042, 1290, 1476, 2082, 2069, 1065, 1709, 1773, 2044, 2062, 68, 1751, 2033, 696, 2046, 689, 699, 2040, 2067, 102, 442, 1057, 292, 2055, 2032, 65, 282, 2037, 134, 87, 1585, 2068, 2057, 2039, 299], 2: [48, 49, 54, 55, 59, 63, 69, 70, 72, 78, 89, 91, 97, 101, 103, 108, 110, 116, 117, 119, 124, 126, 130, 131, 132, 133, 233, 235, 236, 238, 239, 243, 244, 245, 247, 248, 249, 251, 252, 253, 255, 256, 257, 258, 260, 263, 265, 267, 268, 269, 273, 274, 275, 276, 277, 284, 285, 286, 288, 293, 294, 295, 296, 297, 300, 301, 302, 303, 304, 305, 306, 307, 308, 312, 315, 318, 319, 321, 322, 323, 324, 325, 328, 329, 330, 331, 333, 335, 336, 337, 338, 339, 341, 343, 344, 346, 348, 349, 351, 353, 354, 356, 358, 359, 360, 361, 362, 363, 364, 365, 366, 367, 369, 372, 374, 375, 376, 380, 383, 387, 388, 389, 391, 393, 704, 705, 813, 814, 815, 816, 817, 818, 820, 821, 822, 823, 824, 825, 826, 828, 829, 830, 831, 832, 833, 834, 835, 836, 837, 838, 839, 840, 841, 843, 845, 846, 847, 848, 849, 850, 851, 852, 853, 855, 856, 858, 859, 860, 861, 862, 863, 864, 865, 866, 867, 868, 869, 871, 874, 876, 878, 879, 880, 876, 883, 884, 886, 887, 888, 889, 890, 891, 892, 893, 894, 895, 896, 897, 899, 900, 901, 902, 903, 904, 907, 908, 909, 910, 911, 912, 913, 914, 915, 917, 918, 920, 921, 922, 925, 926, 927, 928, 930, 932, 933, 934, 935, 937, 938, 939, 940, 941, 942, 943, 944, 945, 947, 948, 951, 1014, 1016, 1017, 1018, 1020, 1024, 1025, 1027, 1028, 1029, 1034, 1035, 1036, 1039, 1040, 1041, 1043, 1044, 1045, 1047, 1048, 1049, 1050, 1052, 1054, 1055, 1059, 1062, 1063, 1068, 1766, 1772, 51, 62, 77, 79, 95, 96, 100, 105, 113, 115, 118, 121, 127, 672, 683, 700, 844, 854, 882, 906, 923, 924, 931, 946, 949, 950, 1046, 1764, 289, 290, 310, 340, 698, 1023, 1042, 1067, 314, 50, 52, 53, 56, 57, 58, 60, 61, 64, 66, 67, 71, 73, 74, 75, 76, 80, 81, 82, 84, 85, 88, 90, 92, 93, 94, 99, 106, 107, 109, 111, 112, 114, 120, 122, 123, 125, 128, 75, 254, 259, 261, 327, 384, 677, 687, 691, 819, 827, 842, 857, 870, 872, 873, 875, 877, 885, 898, 905, 916, 919, 929, 936, 1060, 1069, 1715, 1721, 1728, 1767, 1770, 266, 311, 86, 271, 309, 347, 83, 1061, 98, 678, 1763, 104, 129, 136, 334, 686, 262, 373, 234, 1762, 385], 3: [1517, 1031, 1482, 1070, 1512, 1267, 1455, 1497, 1465, 1247, 1284, 1440, 1477, 1534], 4: [494, 495, 496, 497, 498, 499, 500, 501, 502, 503, 504, 505, 507, 508, 509, 510, 511, 512, 513, 514, 515, 516, 517, 518, 519, 521, 522, 523, 524, 525, 526, 527, 529, 530, 533, 534, 535, 536, 537, 538, 539, 540, 541, 543, 544, 546, 547, 548, 549, 550, 551, 552, 553, 554, 706, 709, 713, 714, 716, 717, 720, 721, 722, 724, 727, 729, 731, 732, 734, 740, 742, 744, 745, 748, 749, 753, 755, 757, 760, 1586, 1588, 1590, 1596, 1599, 1600, 1607, 1608, 1609, 1614, 1619, 1624, 1625, 1626, 1630, 1634, 1635, 1637, 1641, 1904, 1905, 1906, 1907, 1908, 1909, 1910, 1911, 1912, 1913, 1914, 1915, 1916, 1917, 1918, 1919, 1920, 1921, 1922, 1923, 1924, 1925, 1926, 1927, 1928, 1929, 1930, 1931, 1932, 1933, 1934, 1935, 1936, 1937, 1938, 1939, 1940, 1941, 1942, 1943, 1944, 1945, 1946, 1947, 1948, 1949, 1950, 1951, 1952, 1953, 1954, 1955, 1956, 1957, 1958, 1959, 1960, 1961, 1962, 1963, 1964, 1965, 1966, 1967, 1968, 1969, 1970, 1971, 1972, 1973, 1974, 1975, 1976, 1977, 1978, 1979, 1980, 1981, 1982, 1983, 506, 520, 531, 532, 542, 545, 708, 710, 711, 715, 718, 723, 725, 726, 730, 733, 735, 736, 737, 738, 739, 741, 743, 746, 747, 751, 756, 758, 759, 761, 762, 1295, 1297, 1301, 1305, 1312, 1324, 1325, 1327, 1333, 1587, 1589, 1591, 1592, 1593, 1594, 1595, 1597, 1601, 1602, 1604, 1605, 1606, 1610, 1611, 1612, 1613, 1620, 1621, 1622, 1623, 1627, 1628, 1629, 1631, 1632, 1633, 1636, 1638, 1639, 1642, 528, 707, 712, 719, 728, 750, 752, 754, 1291, 1292, 1293, 1294, 1296, 1298, 1299, 1300, 1302, 1303, 1304, 1306, 1307, 1308, 1309, 1310, 1311, 1313, 1314, 1315, 1316, 1317, 1318, 1319, 1320, 1321, 1322, 1323, 1326, 1328, 1329, 1330, 1331, 1332, 1334, 1598, 1603, 1615, 1616, 1617, 1618, 1640, 1643], 5: [326, 370, 439, 250, 378, 1019, 1066, 317, 332, 357, 482, 636, 953, 956, 969, 986, 1085, 1086, 1106, 1107, 1111, 1115, 1117, 1122, 1123, 1135, 1137, 1143, 1144, 1148, 1150, 1159, 1164, 1167, 1170, 1176, 1183, 1193, 1194, 1198, 1204, 1206, 1207, 1218, 1220, 1222, 1224, 1230, 1238, 1407, 1410, 1415, 1419, 1422, 1425, 1427, 1429, 1730, 1743, 1747, 1750, 1756, 2030, 2031, 2035, 2036, 2038, 2045, 2049, 2050, 2051, 2053, 2054, 2058, 2061, 2063, 2065, 2049, 2070, 240, 246, 287, 291, 298, 320, 342, 350, 352, 355, 371, 386, 623, 631, 637, 663, 697, 963, 982, 1153, 1412, 1436, 1739, 237, 242, 270, 272, 313, 316, 382, 612, 1015, 1413, 1418, 1428, 1437, 1438, 1731, 1744, 2048, 2048, 264, 278, 279, 280, 281, 345, 377, 379, 390, 392, 619, 634, 638, 656, 666, 673, 674, 675, 676, 679, 680, 681, 684, 685, 688, 692, 701, 1033, 1053, 1058, 1064, 1433, 1765, 1769, 2009, 2041, 2056, 2060, 2060, 368, 381, 611, 614, 618, 620, 621, 622, 625, 632, 662, 682, 690, 1056, 1409, 1738, 1746, 398, 416, 418, 456, 960, 981, 1000, 1071, 1087, 1088, 1089, 1095, 1097, 1099, 1120, 1121, 1125, 1130, 1131, 1139, 1149, 1154, 1166, 1171, 1175, 1184, 1185, 1197, 1199, 1203, 1210, 1214, 1219, 1226, 1234, 1237, 1411, 1420, 1421, 1423, 1435, 445, 642, 988, 1091, 1112, 1126, 1760, 971, 1006, 1072, 1109, 1160, 1229, 1430, 1431, 283, 1084, 1223, 1134, 473, 406, 412, 425, 428, 450, 462, 485, 957, 974, 975, 977, 992, 1001, 1073, 1074, 1077, 1083, 1090, 1092, 1093, 1096, 1098, 1100, 1101, 1103, 1104, 1108, 1116, 1118, 1119, 1124, 1127, 1132, 1136, 1138, 1140, 1141, 1142, 1152, 1156, 1157, 1158, 1162, 1163, 1168, 1173, 1177, 1178, 1179, 1181, 1182, 1186, 1189, 1190, 1192, 1195, 1201, 1202, 1212, 1213, 1215, 1227, 1228, 1231, 1233, 1235, 1240, 1424, 415, 419, 420, 421, 422, 427, 430, 437, 615, 629, 643, 644, 646, 648, 667, 952, 961, 964, 973, 985, 1012, 1151, 1209, 1225, 1748, 1755, 1757, 241, 209, 626, 630, 400, 405, 469, 954, 958, 966, 976, 980, 999, 1008, 1075, 1076, 1078, 1079, 1081, 1082, 1094, 1105, 1110, 1113, 1114, 1133, 1146, 1147, 1155, 1161, 1169, 1172, 1174, 1187, 1188, 1191, 1200, 1205, 1216, 1217, 1221, 1232, 1239, 1414, 1416, 230, 444, 474, 486, 492, 654, 657, 659, 661, 670, 991, 1004, 1080, 1208, 1432, 1732, 1735, 1761, 671, 1102, 1128, 1129, 1165, 1196, 1211, 1236, 645, 156, 161, 222, 477, 641, 649, 1408, 1733, 1734, 1736, 1741, 1745, 1759, 151, 187, 435, 1575, 1752, 459, 1180, 1145], 6: [139, 140, 141, 148, 155, 158, 159, 160, 162, 164, 165, 140, 185, 188, 190, 191, 193, 195, 196, 198, 200, 201, 202, 203, 204, 210, 212, 213, 214, 215, 216, 218, 225, 227, 228, 232, 401, 617, 653, 658, 660, 665, 669, 1753, 395, 411, 466, 483, 491, 1774, 1775, 1776, 1777, 1778, 1781, 1782, 1783, 1784, 1786, 1787, 1789, 1790, 1791, 1792, 1793, 1789, 1795, 1796, 1797, 1799, 1800, 1801, 1802, 1803, 1804, 1806, 1807, 1809, 1811, 1812, 1813, 1814, 1816, 1818, 1819, 1820, 1821, 1823, 1824, 1827, 1828, 1829, 1830, 1833, 1834, 1837, 1838, 1839, 1840, 1786, 1842, 1847, 1848, 1849, 1850, 1851, 1852, 1853, 1854, 1856, 1857, 1858, 1860, 1861, 1862, 1864, 1865, 1866, 1868, 1869, 1872, 1873, 1875, 1876, 1877, 1878, 1879, 1880, 1881, 1884, 1886, 1887, 1888, 1889, 1891, 1894, 1895, 1896, 1897, 1899, 1901, 1902, 1903, 1996, 2084, 2095, 145, 173, 175, 176, 177, 183, 194, 206, 226, 464, 955, 1241, 1255, 1758, 1779, 1780, 1785, 1788, 1798, 1805, 1808, 1810, 1815, 1817, 1822, 1825, 1826, 1832, 1835, 1836, 1843, 1844, 1845, 1846, 1855, 1859, 1863, 1867, 1870, 1871, 1798, 1883, 1885, 1890, 1892, 1893, 1898, 2072, 2077, 2081, 2087, 2094, 137, 138, 142, 143, 144, 146, 147, 149, 150, 152, 153, 154, 157, 163, 166, 167, 168, 169, 170, 171, 172, 174, 178, 179, 181, 182, 184, 186, 189, 192, 197, 199, 205, 207, 208, 211, 217, 219, 220, 221, 223, 224, 229, 231, 394, 396, 399, 403, 407, 408, 409, 410, 413, 414, 417, 423, 424, 426, 429, 431, 432, 433, 434, 436, 438, 440, 441, 443, 446, 447, 448, 451, 452, 453, 454, 455, 457, 458, 460, 461, 463, 467, 468, 470, 471, 472, 475, 476, 478, 479, 480, 481, 484, 487, 488, 489, 490, 493, 613, 616, 624, 627, 628, 633, 635, 639, 640, 647, 650, 651, 652, 655, 664, 668, 693, 959, 962, 965, 967, 968, 970, 972, 978, 979, 983, 984, 987, 989, 990, 993, 994, 995, 996, 997, 998, 1002, 1003, 1005, 1007, 1009, 1010, 1011, 1013, 1242, 1243, 1244, 1245, 1246, 1248, 1249, 1250, 1251, 1252, 1253, 1254, 1256, 1257, 1258, 1259, 1260, 1261, 1262, 1263, 1264, 1265, 1266, 1268, 1269, 1270, 1271, 1272, 1273, 1275, 1276, 1277, 1278, 1279, 1280, 1281, 1282, 1283, 1286, 1287, 1288, 1289, 1379, 1380, 1381, 1382, 1383, 1384, 1385, 1386, 1387, 1388, 1389, 1390, 1391, 1392, 1393, 1394, 1395, 1396, 1397, 1398, 1399, 1400, 1401, 1402, 1403, 1404, 1405, 1406, 1417, 1426, 1434, 1441, 1442, 1443, 1444, 1445, 1446, 1447, 1448, 1449, 1450, 1451, 1453, 1454, 1456, 1457, 1458, 1459, 1460, 1461, 1462, 1463, 1464, 1466, 1467, 1468, 1469, 1470, 1471, 1472, 1473, 1474, 1475, 1478, 1479, 1480, 1481, 1483, 1484, 1485, 1486, 1487, 1488, 1489, 1490, 1491, 1492, 1493, 1494, 1495, 1496, 1498, 1499, 1500, 1501, 1502, 1503, 1504, 1505, 1506, 1507, 1508, 1509, 1510, 1511, 1513, 1514, 1515, 1516, 1518, 1519, 1520, 1521, 1522, 1523, 1524, 1525, 1526, 1527, 1528, 1530, 1531, 1532, 1533, 1535, 1536, 1537, 1538, 1539, 1540, 1541, 1542, 1543, 1544, 1545, 1546, 1547, 1548, 1549, 1550, 1551, 1552, 1553, 1554, 1555, 1557, 1558, 1559, 1560, 1449, 1562, 1563, 1564, 1565, 1566, 1567, 1568, 1569, 1570, 1571, 1572, 1573, 1574, 1576, 1577, 1578, 1579, 1580, 1581, 1582, 1583, 1584, 1737, 1740, 1742, 1749, 1754, 1831, 1874, 1900, 2011, 2073, 2074, 2075, 2074, 2078, 2080, 2083, 2085, 2086, 2088, 2089, 2090, 2091, 2092, 2093, 2096, 2097, 2098, 2099]}
 
Indice de Rand Corrigido: 0.4828102230784126
