centroides: [[0.49015379798849407, 0.4668254950495042, 0.045379536607260886, 0.0, 0.059852993114908985, 0.003843371516745653, 0.04911075213530539, 0.0036025772884877407, 0.2593425497924079, 0.24059526549473398, 0.2935694612553491, 0.24074183517352055, 0.6217350822909296, 0.35713920021437046, 0.43108480366132224, 0.30008822054416995, 0.4255098805420795, 0.2860831253020804], [0.48109176370045925, 0.505686936936937, 0.02702702621621623, 0.5, 0.19543213436140983, 0.05822919166845116, 0.17690111685052656, 0.06328636734608746, 0.22786303588852755, 0.2021989594690659, 0.27409146839322834, 0.20326093271415843, 0.5840056541318716, 0.40721780808154884, 0.3886866157661614, 0.2761015786857145, 0.48257567918918925, 0.17641285177290908], [0.5255425077068467, 0.5300650199633519, 0.05086112225596184, 0.0, 0.09134131304767237, 0.0025955069557109254, 0.06299276108247565, 0.001773481693087136, 0.3470572021656989, 0.32268553467455513, 0.4084573240939355, 0.3049676536413777, 0.5549054892789316, 0.5081207514250493, 0.255537069590713, 0.4084573240939355, 0.30086491713108404, 0.1689485766609431], [0.6560693106581748, 0.9736202065049693, 0.11080400697761907, 0.5, 0.08931282380188034, 0.002379435218013524, 0.05135377490095104, 0.0010802916474416781, 0.12332782024369711, 0.10326479645682335, 0.10415807440002779, 0.1627226802177714, 0.6560403741336874, 0.0690486810547918, 0.8608557727686467, 0.15373579064134757, 0.4348244503475399, 0.8900999668599954], [0.5125628280240184, 0.8072623115324862, 0.07661680947078692, 0.0, 0.05411431552135457, 0.001397199729381826, 0.046242087451641996, 0.0014020102870890118, 0.10861724449034275, 0.09125621149097408, 0.09226546528843796, 0.14245355047183078, 0.6793953711057327, 0.0790763928896647, 0.8209282005133871, 0.13469027967164304, 0.4143468284948951, 0.892355547749306], [0.5558625942929558, 0.5655075529807781, 0.0, 0.0, 0.12553859962970412, 0.017343654159348524, 0.2689206915079288, 0.05073390758557195, 0.23641936775450256, 0.21568282675417996, 0.27700183534496997, 0.21304059290292468, 0.6153090146083823, 0.38218035532880024, 0.3972316569082961, 0.2776203025213347, 0.32768537630572475, 0.14087873422792005], [0.43989644127765476, 0.4187674493234129, 0.04142643097031615, 0.0, 0.04190352175372353, 0.0014425119150785998, 0.027803154275214594, 0.0010754347428779322, 0.06739711026494154, 0.060296319795078386, 0.09016355053727672, 0.05002434900212308, 0.763410400201133, 0.25682036294347554, 0.4487945561965971, 0.0909178668626132, 0.5839511332654186, 0.21447355147338268]]
 
Quantidade de elementos por grupo
 Partição 0: 2026
 Partição 1: 74
 Partição 2: 0
 Partição 3: 0
 Partição 4: 0
 Partição 5: 0
 Partição 6: 0
 
 hyperparametros: [1.0757516689815218e+19, 3.158213796520255e+18, 1.9733984231520694e+18, 7.372220320950368e-302, 5.2314593702932966e+17, 1.905979498401945e+16, 2.1018565010788573e+17, 9412670736868318.0, 6.698413984393947e+17, 7.235517194350255e+17, 7.697331958452369e+17, 6.066643763873001e+17, 1.3756698529033231e+18, 1.202119288363073e+18, 9.811669522242314e+17, 7.708707419391182e+17, 4.1771700255335014e+18, 6.280123749879396e+17]
 
Lista de objetos por grupo: {0: [495, 497, 499, 501, 503, 504, 506, 507, 508, 511, 512, 514, 516, 517, 518, 519, 520, 521, 524, 525, 526, 527, 528, 529, 530, 531, 532, 533, 534, 535, 536, 537, 539, 541, 542, 543, 544, 545, 547, 548, 549, 550, 551, 552, 553, 707, 708, 709, 710, 711, 712, 713, 715, 716, 718, 719, 721, 722, 723, 726, 728, 729, 730, 732, 733, 734, 735, 736, 737, 738, 739, 741, 742, 743, 746, 747, 748, 749, 750, 751, 752, 754, 755, 758, 759, 760, 761, 762, 1292, 1293, 1294, 1298, 1300, 1303, 1304, 1306, 1307, 1308, 1309, 1310, 1312, 1313, 1314, 1315, 1316, 1317, 1318, 1319, 1326, 1328, 1329, 1330, 1332, 1334, 1587, 1590, 1591, 1592, 1593, 1594, 1596, 1597, 1598, 1601, 1602, 1603, 1604, 1605, 1606, 1610, 1612, 1613, 1615, 1616, 1617, 1618, 1620, 1624, 1626, 1627, 1628, 1629, 1631, 1632, 1633, 1636, 1638, 1639, 1640, 1642, 1643, 1905, 1906, 1907, 1908, 1909, 1911, 1912, 1913, 1914, 1915, 1917, 1919, 1920, 1921, 1922, 1923, 1924, 1925, 1926, 1927, 1928, 1930, 1931, 1933, 1934, 1937, 1938, 1939, 1940, 1941, 1942, 1943, 1944, 1945, 1946, 1947, 1948, 1949, 1951, 1952, 1953, 1954, 1955, 1958, 1959, 1961, 1962, 1964, 1965, 1968, 1969, 1970, 1971, 1973, 1975, 1976, 1977, 1979, 1980, 1981, 1982, 1983, 494, 496, 498, 500, 502, 505, 509, 510, 513, 515, 522, 523, 538, 540, 546, 554, 706, 714, 717, 720, 724, 727, 731, 740, 744, 745, 753, 756, 757, 1291, 1295, 1296, 1297, 1299, 1301, 1302, 1305, 1311, 1320, 1321, 1322, 1323, 1324, 1325, 1327, 1331, 1333, 1586, 1588, 1589, 1595, 1599, 1600, 1607, 1608, 1609, 1611, 1614, 1619, 1621, 1622, 1623, 1625, 1630, 1634, 1635, 1637, 1641, 1904, 1910, 1916, 1918, 1929, 1932, 1935, 1936, 1950, 1956, 1957, 1960, 1963, 1966, 1967, 1972, 1974, 1978, 107, 109, 259, 473, 944, 2009, 236, 245, 249, 265, 293, 300, 303, 311, 322, 328, 335, 346, 353, 359, 365, 367, 369, 376, 387, 704, 1028, 1044, 705, 48, 49, 50, 51, 52, 54, 55, 59, 60, 61, 62, 63, 65, 68, 69, 70, 71, 72, 74, 75, 76, 77, 78, 79, 81, 83, 84, 89, 91, 95, 96, 97, 98, 100, 101, 102, 103, 104, 105, 108, 110, 112, 113, 115, 116, 117, 118, 119, 120, 121, 124, 125, 126, 127, 130, 131, 132, 133, 134, 75, 136, 239, 244, 247, 248, 251, 253, 255, 257, 258, 260, 262, 263, 267, 268, 269, 272, 273, 274, 275, 276, 277, 279, 284, 285, 286, 288, 292, 294, 295, 297, 301, 302, 304, 306, 307, 312, 313, 315, 318, 319, 321, 323, 324, 326, 329, 330, 331, 336, 337, 338, 339, 341, 343, 344, 348, 349, 354, 356, 358, 360, 361, 362, 363, 364, 366, 372, 373, 374, 375, 383, 388, 391, 393, 442, 677, 683, 686, 813, 814, 815, 816, 817, 818, 820, 821, 822, 823, 824, 825, 828, 829, 830, 831, 832, 833, 834, 835, 836, 837, 838, 839, 840, 841, 843, 844, 845, 846, 847, 848, 849, 850, 851, 852, 853, 854, 855, 856, 858, 859, 860, 861, 862, 863, 864, 865, 869, 870, 871, 873, 874, 876, 877, 878, 879, 880, 876, 882, 883, 884, 886, 887, 889, 890, 892, 893, 895, 897, 899, 900, 901, 902, 903, 904, 907, 908, 910, 911, 912, 913, 914, 915, 917, 918, 920, 921, 922, 926, 927, 928, 929, 930, 931, 932, 933, 934, 935, 936, 937, 938, 939, 940, 941, 942, 943, 945, 946, 947, 948, 949, 950, 951, 1014, 1016, 1017, 1018, 1020, 1024, 1025, 1034, 1035, 1036, 1039, 1040, 1041, 1046, 1047, 1049, 1050, 1054, 1055, 1063, 1067, 1068, 1069, 1413, 1427, 1438, 1724, 1730, 1743, 1750, 1764, 1766, 1770, 1772, 53, 56, 57, 58, 64, 67, 73, 80, 82, 85, 86, 87, 88, 90, 93, 94, 99, 111, 114, 122, 123, 128, 129, 254, 261, 314, 327, 347, 384, 691, 857, 872, 885, 898, 905, 906, 924, 1058, 1060, 1709, 1715, 1721, 1728, 1767, 390, 233, 234, 235, 238, 243, 256, 266, 271, 280, 289, 290, 296, 305, 308, 309, 310, 320, 325, 333, 334, 340, 351, 368, 370, 377, 382, 385, 402, 672, 687, 698, 699, 700, 1015, 1023, 1027, 1029, 1033, 1043, 1045, 1048, 1052, 1053, 1057, 1059, 1061, 1762, 1763, 1056, 379, 1437, 1746, 1747, 2030, 2045, 2048, 2050, 2056, 2058, 2060, 2061, 2063, 2048, 2065, 2060, 264, 675, 2037, 2041, 240, 242, 250, 270, 281, 316, 350, 355, 357, 371, 386, 674, 678, 679, 680, 684, 685, 689, 692, 697, 701, 1064, 1765, 1769, 482, 1409, 1415, 1428, 2038, 2053, 237, 278, 291, 332, 612, 673, 676, 681, 688, 956, 2035, 2036, 378, 352, 1731, 1738, 345, 246, 299, 1086, 1170, 1204, 2049, 2051, 2049, 2070, 1042, 1019, 1066, 1159, 2, 5, 12, 14, 18, 19, 21, 23, 24, 26, 27, 28, 33, 37, 38, 39, 41, 42, 43, 44, 556, 560, 562, 563, 567, 568, 569, 570, 573, 575, 576, 578, 579, 580, 582, 583, 585, 587, 588, 589, 591, 592, 594, 595, 596, 598, 599, 600, 601, 602, 603, 604, 605, 607, 608, 609, 763, 765, 767, 768, 769, 770, 771, 772, 774, 775, 777, 778, 784, 786, 787, 789, 790, 792, 793, 794, 796, 797, 798, 799, 800, 801, 802, 804, 805, 807, 808, 809, 810, 811, 812, 1335, 1336, 1337, 1338, 1340, 1341, 1342, 1343, 1345, 1347, 1348, 1349, 1352, 1353, 1356, 1357, 1358, 1359, 1361, 1362, 1363, 1364, 1365, 1366, 1368, 1369, 1370, 1373, 1376, 1377, 1378, 1645, 1646, 1647, 1649, 1650, 1651, 1652, 1653, 1654, 1655, 1656, 1657, 1658, 1659, 1660, 1661, 1662, 1663, 1664, 1665, 1666, 1667, 1668, 1669, 1672, 1673, 1674, 1676, 1677, 1679, 1680, 1681, 1683, 1684, 1685, 1686, 1687, 1688, 1689, 1690, 1693, 1695, 1696, 1697, 1698, 1699, 1984, 1985, 1986, 1987, 1989, 1991, 1993, 1994, 1995, 1997, 1998, 1999, 2001, 2003, 2004, 2005, 2007, 2010, 2012, 2013, 2015, 2016, 2018, 2019, 2022, 2023, 2024, 2025, 2027, 2028, 2029, 0, 1, 3, 4, 6, 7, 8, 9, 10, 11, 13, 15, 16, 17, 20, 22, 25, 29, 30, 31, 34, 35, 36, 40, 45, 46, 47, 555, 557, 558, 559, 561, 564, 565, 566, 571, 572, 574, 577, 581, 584, 586, 590, 593, 597, 606, 610, 764, 766, 776, 779, 780, 781, 782, 783, 785, 788, 791, 795, 806, 1339, 1344, 1346, 1350, 1351, 1354, 1355, 1360, 1367, 1371, 1372, 1374, 1375, 1644, 1648, 1670, 1671, 1675, 1678, 1682, 1691, 1692, 1694, 1988, 1990, 1992, 2000, 2002, 2006, 2008, 2014, 2017, 2020, 2021, 2026, 1026, 1717, 1723, 1702, 2055, 695, 1704, 1705, 1711, 1727, 1022, 2033, 694, 2057, 1030, 1703, 1706, 1707, 1710, 1712, 1714, 1716, 1719, 1720, 1716, 1037, 1771, 1032, 1051, 1773, 2068, 1768, 1065, 1713, 2040, 2032, 2039, 2046, 2067, 1021, 1708, 1718, 1726, 1700, 1722, 1722, 1038, 1285, 1070, 1031, 1247, 1274, 1284, 1701, 1733, 696, 1277, 1476, 1477, 1482, 1517, 1534, 1570, 2079, 2090, 1751, 397, 404, 465, 1520, 1529, 2043, 2047, 2083, 2069, 702, 2031, 2034, 2042, 2044, 2042, 2059, 2062, 2054, 430, 433, 2085, 1254, 1260, 1479, 1732, 991, 1248, 1245, 1251, 1263, 1282, 1266, 1461, 1469, 1490, 140, 164, 140, 196, 198, 669, 139, 155, 162, 210, 232, 1753, 996, 1011, 1242, 1244, 1246, 1249, 1250, 1253, 1256, 1258, 1264, 1268, 1269, 1273, 1275, 1280, 1283, 1287, 1289, 1754, 2086, 615, 1112, 1134, 1153, 1748, 398, 406, 412, 416, 418, 419, 420, 427, 437, 459, 462, 477, 624, 664, 668, 1407, 1422, 1436, 1494, 1500, 1531, 1572, 2092, 184, 219, 613, 633, 635, 639, 650, 652, 655, 659, 671, 998, 1009, 1013, 1243, 1252, 1265, 1271, 1272, 1279, 1286, 1380, 1381, 1392, 1396, 1418, 1434, 1734, 1735, 1736, 1737, 1740, 1741, 1742, 1745, 1749, 1752, 1755, 1757, 1759, 1761, 1779, 1785, 1788, 1798, 1805, 1810, 1822, 1825, 1835, 1836, 1843, 1844, 1846, 1859, 1863, 1867, 1798, 1883, 1890, 1892, 2094, 137, 138, 141, 142, 143, 144, 145, 146, 147, 148, 149, 150, 151, 152, 153, 154, 156, 157, 158, 159, 160, 161, 163, 165, 166, 167, 168, 169, 170, 171, 172, 173, 174, 175, 176, 178, 179, 181, 182, 183, 185, 186, 187, 188, 189, 190, 191, 192, 193, 194, 195, 197, 199, 200, 201, 202, 203, 204, 205, 206, 207, 208, 211, 212, 213, 214, 215, 216, 217, 218, 220, 221, 222, 223, 224, 225, 226, 227, 228, 229, 230, 231, 241, 283, 287, 298, 317, 342, 381, 392, 394, 395, 396, 399, 401, 403, 405, 407, 408, 409, 410, 411, 413, 414, 415, 417, 421, 422, 423, 424, 425, 426, 428, 429, 432, 434, 436, 438, 440, 441, 443, 446, 448, 450, 451, 452, 453, 454, 455, 456, 457, 458, 460, 461, 463, 464, 466, 467, 468, 469, 470, 471, 472, 474, 475, 476, 478, 479, 480, 481, 483, 484, 485, 486, 487, 488, 489, 490, 491, 492, 493, 611, 614, 616, 617, 618, 619, 620, 621, 622, 623, 625, 626, 627, 628, 629, 630, 631, 632, 634, 636, 637, 640, 641, 642, 643, 644, 646, 647, 648, 649, 651, 653, 654, 656, 657, 658, 660, 661, 662, 663, 665, 666, 667, 670, 682, 690, 693, 952, 953, 954, 957, 958, 959, 960, 961, 962, 963, 964, 965, 966, 967, 968, 969, 970, 971, 972, 973, 974, 975, 976, 977, 978, 979, 980, 981, 982, 983, 984, 985, 986, 987, 988, 989, 990, 992, 993, 994, 995, 997, 999, 1000, 1001, 1002, 1003, 1004, 1005, 1006, 1007, 1008, 1010, 1012, 1071, 1072, 1073, 1074, 1075, 1076, 1077, 1078, 1079, 1080, 1081, 1082, 1083, 1084, 1085, 1087, 1089, 1090, 1091, 1092, 1093, 1094, 1095, 1096, 1097, 1098, 1099, 1100, 1101, 1102, 1103, 1104, 1105, 1106, 1107, 1108, 1109, 1110, 1113, 1114, 1115, 1116, 1117, 1118, 1119, 1120, 1121, 1122, 1123, 1124, 1125, 1126, 1127, 1128, 1129, 1130, 1131, 1132, 1133, 1135, 1136, 1137, 1138, 1139, 1140, 1141, 1142, 1143, 1144, 1145, 1146, 1147, 1148, 1149, 1150, 1151, 1152, 1154, 1155, 1156, 1157, 1158, 1160, 1161, 1162, 1163, 1164, 1165, 1166, 1167, 1168, 1169, 1172, 1173, 1174, 1175, 1176, 1177, 1178, 1179, 1180, 1181, 1182, 1183, 1184, 1185, 1186, 1187, 1188, 1189, 1190, 1191, 1192, 1193, 1194, 1195, 1196, 1197, 1198, 1199, 1200, 1201, 1202, 1203, 1205, 1206, 1207, 1208, 1209, 1210, 1211, 1212, 1213, 1214, 1215, 1216, 1217, 1218, 1219, 1220, 1221, 1222, 1223, 1224, 1225, 1226, 1227, 1228, 1229, 1230, 1231, 1232, 1233, 1234, 1235, 1236, 1237, 1238, 1239, 1240, 1257, 1259, 1261, 1262, 1276, 1278, 1281, 1288, 1379, 1382, 1383, 1384, 1385, 1386, 1387, 1388, 1389, 1390, 1391, 1393, 1394, 1395, 1397, 1398, 1399, 1400, 1401, 1402, 1403, 1404, 1405, 1406, 1408, 1410, 1411, 1412, 1414, 1416, 1417, 1419, 1420, 1421, 1423, 1424, 1425, 1426, 1429, 1430, 1431, 1432, 1435, 1441, 1442, 1443, 1445, 1446, 1447, 1448, 1449, 1450, 1451, 1453, 1454, 1456, 1458, 1459, 1460, 1462, 1463, 1464, 1466, 1467, 1468, 1470, 1471, 1472, 1473, 1474, 1475, 1478, 1480, 1481, 1483, 1484, 1485, 1486, 1487, 1488, 1489, 1491, 1492, 1493, 1495, 1496, 1498, 1499, 1502, 1503, 1504, 1505, 1506, 1507, 1508, 1509, 1510, 1511, 1513, 1514, 1515, 1516, 1518, 1519, 1521, 1522, 1523, 1524, 1525, 1526, 1527, 1528, 1532, 1533, 1535, 1536, 1537, 1538, 1539, 1540, 1541, 1542, 1543, 1544, 1545, 1546, 1547, 1548, 1549, 1550, 1551, 1552, 1553, 1554, 1555, 1557, 1558, 1559, 1560, 1449, 1562, 1563, 1564, 1566, 1567, 1569, 1571, 1573, 1574, 1576, 1577, 1578, 1579, 1580, 1581, 1582, 1583, 1584, 1739, 1756, 1758, 1760, 1774, 1775, 1776, 1777, 1778, 1780, 1781, 1782, 1783, 1784, 1786, 1787, 1789, 1790, 1791, 1792, 1793, 1789, 1795, 1796, 1797, 1799, 1800, 1801, 1802, 1803, 1804, 1806, 1807, 1808, 1809, 1811, 1812, 1813, 1814, 1815, 1816, 1817, 1818, 1819, 1820, 1821, 1823, 1824, 1826, 1827, 1828, 1829, 1830, 1831, 1832, 1833, 1834, 1837, 1838, 1839, 1840, 1786, 1842, 1845, 1847, 1848, 1849, 1850, 1851, 1852, 1853, 1854, 1855, 1856, 1857, 1858, 1860, 1861, 1862, 1864, 1865, 1866, 1868, 1869, 1870, 1871, 1872, 1873, 1874, 1875, 1876, 1877, 1878, 1879, 1880, 1881, 1884, 1885, 1886, 1887, 1888, 1889, 1891, 1893, 1894, 1895, 1896, 1897, 1898, 1899, 1900, 1901, 1902, 1903, 1996, 2011, 2073, 2074, 2075, 2074, 2077, 2078, 2084, 2088, 2089, 2091, 2093, 2095, 2096, 2097, 2098, 2099], 1: [725, 1465, 66, 92, 106, 177, 252, 282, 389, 400, 431, 439, 444, 447, 449, 645, 819, 827, 842, 875, 916, 919, 1088, 1111, 1171, 1241, 1270, 1433, 1440, 1457, 1530, 1556, 1568, 1744, 2080, 2081, 2082, 380, 826, 866, 867, 868, 888, 891, 894, 896, 909, 923, 925, 1062, 209, 638, 955, 1255, 1290, 1455, 1497, 2072, 2087, 435, 445, 703, 1439, 1444, 1452, 1501, 1512, 1565, 1575, 1585, 1267, 803, 32, 773], 2: [], 3: [], 4: [], 5: [], 6: []}
 
Função Objetivo: 12.0
 
Tempo de Execução: [114.75996971130371, 125.4623498916626, 81.87880206108093, 126.76619267463684, 122.51373314857483, 113.51289057731628, 105.10027885437012, 95.70740008354187, 316.07143235206604, 244.52621459960938, 123.23652005195618, 131.41420769691467, 81.50472021102905, 95.42815947532654, 99.59233522415161, 157.60500121116638, 87.60377955436707, 109.09131741523743, 71.71984004974365, 144.5171616077423, 169.87415599822998, 222.42061471939087, 123.46182084083557, 119.46501922607422, 121.5264151096344, 243.7479214668274, 184.94041538238525, 427.61514043807983, 127.67760801315308, 271.03522205352783, 140.2235972881317, 152.44971084594727, 118.29489707946777, 331.7202150821686, 123.24289798736572, 122.68587732315063, 122.04481339454651, 101.12448024749756, 197.39818835258484, 115.00760412216187, 122.97751426696777, 162.4978551864624, 132.80966639518738, 121.6781153678894, 95.50557255744934, 122.02694869041443, 69.06980395317078, 156.1916377544403, 90.66645073890686, 107.95802140235901, 131.00907969474792, 161.5179078578949, 156.5417742729187, 188.21524620056152, 196.01467084884644, 151.9193332195282, 215.66010570526123, 125.83567786216736, 95.42732810974121, 91.48897576332092, 285.4518630504608, 193.96482110023499, 82.02777004241943, 280.4769721031189, 142.97154831886292, 104.36265707015991, 143.42122077941895, 201.09436964988708, 207.89402794837952, 189.1513433456421, 94.93057107925415, 311.3196759223938, 88.72949767112732, 133.52410006523132, 124.32380771636963, 87.34061884880066, 216.94841527938843, 112.74453139305115, 143.38151836395264, 188.7434856891632, 122.83204531669617, 113.72626376152039, 139.01094365119934, 108.1614441871643, 103.79903316497803, 184.43058371543884, 102.40473365783691, 118.92574572563171, 129.72650337219238, 167.17628455162048, 128.6959502696991, 135.73291563987732, 155.31357312202454, 170.10352396965027, 171.9697413444519, 179.17194843292236, 154.47875452041626, 111.52194261550903, 125.62199878692627, 155.41448211669922]
 
Indice de Rand Corrigido: 0.0007095530302377755
