centroides: [[0.2852207519530747, 0.26523966786524106, 0.3330560260148803, 0.25336251000876997, 0.6049576518382997, 0.4284827347129856, 0.3330785400751135, 0.3331499445913803, 0.29755846187753493, 0.16311718699606048], [0.10875760514819273, 0.09136937965979192, 0.09237182674506329, 0.142655832893363, 0.6791627810665639, 0.07894662806390267, 0.8213740607302619, 0.13487966877095273, 0.4145012162406536, 0.8923410592291912], [0.8244090666610114, 0.7809784277907301, 0.8949819308084908, 0.7901974779109061, 0.27098117210397166, 0.6649648742500817, 0.2913358045074284, 0.8949819308084908, 0.21100387791915234, 0.12485959405457162], [0.14760507933713157, 0.13507231262684338, 0.18712864957740155, 0.1175951011309267, 0.7003045559986822, 0.3561031361288157, 0.3528446058259815, 0.18736359420524334, 0.4360749531433123, 0.1919851879140794], [0.027616162973258623, 0.03557635760024379, 0.031067719130879114, 0.016263606891011927, 0.880123655978307, 0.1548382306969323, 0.49457540277451356, 0.03401637625308819, 0.38566142941373266, 0.3611782359918743], [0.027162520614024892, 0.014608870780651345, 0.0471590392750473, 0.018028929694674543, 0.7385850780899805, 0.23402999001037203, 0.5108025062062214, 0.047196486258246205, 0.8078729683795032, 0.14715670758969934], [0.4009874680812888, 0.3720902574457596, 0.4722224054053862, 0.35275682199838365, 0.506443499448462, 0.5680113660566537, 0.20822891761171, 0.4722224054053862, 0.2992433146145422, 0.16621172275675633]]
 
Quantidade de elementos por grupo
 Partição 0: 259
 Partição 1: 297
 Partição 2: 300
 Partição 3: 368
 Partição 4: 196
 Partição 5: 383
 Partição 6: 297
 
 hyperparametros: [0.6536239249846424, 0.8604678416645805, 0.5359384440982573, 0.7448623989676609, 2.6260889028299155, 1.6471410452099118, 1.3138848484732204, 0.5479388483749089, 4.83844883327879, 0.6638658930649243]
 
Lista de objetos por grupo: {0: [673, 674, 675, 676, 679, 680, 681, 685, 688, 689, 692, 694, 699, 701, 1285, 1427, 1730, 1743, 1750, 402, 465, 1701, 1703, 1705, 1707, 1708, 1711, 1713, 1723, 1726, 1727, 1413, 1438, 65, 68, 87, 98, 104, 129, 136, 234, 237, 240, 242, 250, 262, 264, 270, 272, 279, 280, 281, 282, 291, 292, 313, 316, 320, 326, 334, 350, 355, 357, 368, 370, 371, 373, 377, 378, 379, 382, 385, 386, 390, 612, 684, 686, 696, 697, 956, 1015, 1019, 1031, 1032, 1033, 1037, 1038, 1053, 1056, 1057, 1058, 1064, 1065, 1066, 1702, 1722, 1722, 1744, 1746, 1747, 1762, 1765, 1768, 1769, 1773, 2030, 2033, 2036, 2037, 2041, 2042, 2045, 2048, 2050, 2042, 2053, 2055, 2056, 2057, 2058, 2060, 2061, 2063, 2048, 2065, 2068, 2069, 2060, 439, 404, 442, 1724, 678, 83, 1247, 102, 1710, 1716, 1717, 1716, 1763, 1718, 1719, 100, 1061, 347, 1771, 1477, 1700, 1706, 1712, 110, 77, 97, 134, 1022, 1027, 1440, 1455, 1497, 1556, 1709, 309, 271, 687, 698, 1029, 69, 116, 261, 384, 1704, 1714, 1720, 86, 259, 266, 1069, 243, 672, 61, 253, 310, 383, 1274, 1728, 52, 58, 80, 119, 1051, 67, 351, 691, 314, 846, 235, 324, 344, 85, 91, 132, 286, 1017, 76, 51, 124, 126, 244, 374, 1715, 1045, 311, 57, 73, 82, 1052, 254, 1721, 90, 99, 103, 81, 92, 122, 327, 872, 677, 56, 108, 112, 114, 120, 1770, 64, 84, 238, 1482, 705, 53, 93, 1048, 449, 60, 70, 115, 1023, 89, 289, 919, 1070, 700, 71, 74, 118, 1026, 66, 88, 109], 1: [18, 555, 557, 560, 562, 563, 567, 569, 570, 572, 573, 576, 578, 579, 581, 585, 588, 589, 600, 603, 604, 605, 607, 764, 765, 766, 767, 768, 769, 770, 772, 773, 774, 775, 778, 781, 782, 783, 784, 785, 786, 788, 789, 792, 793, 796, 797, 798, 799, 800, 802, 803, 804, 807, 808, 809, 811, 812, 1335, 1337, 1338, 1341, 1343, 1347, 1348, 1349, 1351, 1354, 1356, 1357, 1358, 1359, 1361, 1363, 1364, 1366, 1367, 1368, 1369, 1370, 1371, 1372, 1373, 1374, 1376, 1377, 1378, 1644, 1645, 1647, 1648, 1650, 1651, 1652, 1653, 1654, 1655, 1657, 1659, 1663, 1664, 1665, 1667, 1668, 1669, 1670, 1671, 1672, 1673, 1674, 1675, 1679, 1682, 1685, 1687, 1688, 1690, 1691, 1692, 1693, 1698, 1998, 1999, 2007, 2010, 2014, 2016, 0, 1, 2, 3, 4, 5, 6, 7, 8, 9, 10, 11, 12, 13, 14, 15, 16, 17, 19, 20, 21, 22, 23, 24, 25, 26, 27, 28, 29, 30, 31, 32, 33, 34, 35, 36, 37, 38, 39, 40, 41, 42, 43, 44, 45, 46, 47, 556, 558, 559, 561, 564, 565, 566, 568, 571, 574, 575, 577, 580, 582, 583, 584, 586, 587, 590, 591, 592, 593, 594, 595, 596, 597, 598, 599, 601, 602, 606, 608, 609, 610, 763, 771, 776, 777, 779, 780, 787, 790, 791, 794, 795, 801, 805, 806, 810, 1336, 1339, 1340, 1342, 1344, 1345, 1346, 1350, 1352, 1353, 1355, 1360, 1362, 1365, 1375, 1646, 1649, 1656, 1658, 1660, 1661, 1662, 1666, 1676, 1677, 1678, 1680, 1681, 1683, 1684, 1686, 1689, 1694, 1695, 1696, 1697, 1699, 1984, 1985, 1986, 1987, 1988, 1989, 1990, 1991, 1992, 1993, 1994, 1995, 1997, 2000, 2001, 2002, 2003, 2004, 2005, 2006, 2008, 2012, 2013, 2015, 2017, 2018, 2019, 2020, 2021, 2022, 2023, 2024, 2025, 2026, 2027, 2028, 2029], 2: [494, 495, 496, 497, 499, 501, 502, 503, 504, 506, 507, 508, 509, 510, 511, 512, 514, 515, 516, 517, 518, 519, 520, 521, 522, 523, 524, 525, 526, 527, 528, 529, 530, 531, 532, 533, 534, 535, 536, 537, 540, 541, 542, 543, 544, 545, 547, 548, 549, 550, 551, 552, 553, 554, 706, 707, 708, 709, 710, 711, 712, 713, 714, 715, 716, 717, 718, 719, 720, 721, 722, 723, 724, 725, 726, 727, 728, 729, 730, 731, 732, 733, 734, 735, 736, 737, 738, 739, 740, 741, 742, 743, 744, 745, 746, 747, 748, 749, 750, 751, 753, 754, 755, 756, 757, 758, 759, 760, 761, 762, 1291, 1292, 1293, 1294, 1295, 1296, 1297, 1298, 1299, 1300, 1301, 1302, 1303, 1304, 1305, 1306, 1307, 1308, 1309, 1310, 1311, 1312, 1313, 1314, 1315, 1316, 1317, 1318, 1319, 1320, 1321, 1322, 1323, 1324, 1325, 1326, 1327, 1328, 1329, 1330, 1331, 1332, 1333, 1334, 1586, 1587, 1588, 1589, 1590, 1591, 1592, 1593, 1594, 1595, 1596, 1597, 1598, 1599, 1600, 1601, 1602, 1603, 1604, 1605, 1606, 1607, 1608, 1609, 1610, 1611, 1612, 1613, 1614, 1615, 1616, 1617, 1618, 1619, 1620, 1621, 1622, 1623, 1624, 1625, 1626, 1627, 1628, 1629, 1630, 1631, 1632, 1633, 1634, 1635, 1636, 1637, 1638, 1639, 1640, 1641, 1642, 1643, 498, 500, 505, 513, 538, 539, 546, 752, 1904, 1905, 1906, 1907, 1908, 1909, 1910, 1911, 1912, 1913, 1914, 1915, 1916, 1917, 1918, 1919, 1920, 1921, 1922, 1923, 1924, 1925, 1926, 1927, 1928, 1929, 1930, 1931, 1932, 1933, 1934, 1935, 1936, 1937, 1938, 1939, 1940, 1941, 1942, 1943, 1944, 1945, 1946, 1947, 1948, 1949, 1950, 1951, 1952, 1953, 1954, 1955, 1956, 1957, 1958, 1959, 1960, 1961, 1962, 1963, 1964, 1965, 1966, 1967, 1968, 1969, 1970, 1971, 1972, 1973, 1974, 1975, 1976, 1977, 1978, 1979, 1980, 1981, 1982, 1983], 3: [2035, 2040, 2043, 1437, 2038, 2039, 2046, 2067, 332, 2032, 278, 352, 1409, 625, 636, 637, 2062, 2049, 2059, 2049, 1415, 1433, 2051, 2044, 246, 342, 345, 623, 2070, 482, 663, 1086, 1428, 298, 1738, 2054, 1159, 1170, 1204, 299, 621, 632, 1731, 1115, 1135, 1194, 1238, 1751, 614, 631, 690, 702, 986, 1153, 1230, 1107, 1117, 1137, 1143, 1148, 1150, 1164, 1167, 1176, 1207, 1739, 1756, 317, 381, 682, 1436, 2047, 416, 1072, 1097, 1106, 1111, 1120, 1121, 1122, 1125, 1126, 1144, 1171, 1183, 1185, 1193, 1198, 1199, 1203, 1218, 1220, 1224, 1226, 1237, 1123, 1214, 1223, 1407, 1760, 392, 953, 969, 1085, 1130, 1206, 1210, 1222, 1422, 1429, 2031, 2034, 1071, 1077, 1083, 1087, 1088, 1089, 1092, 1093, 1095, 1096, 1099, 1112, 1119, 1124, 1131, 1138, 1139, 1140, 1149, 1152, 1154, 1157, 1162, 1166, 1175, 1178, 1181, 1184, 1186, 1192, 1195, 1201, 1202, 1219, 1227, 1228, 1234, 1235, 1109, 287, 611, 618, 622, 634, 1084, 1091, 1116, 1160, 1197, 1209, 1213, 1229, 1233, 1410, 1412, 1073, 1074, 1100, 1103, 1104, 1108, 1114, 1118, 1132, 1134, 1136, 1141, 1142, 1147, 1156, 1158, 1173, 1177, 1179, 1182, 1189, 1190, 1215, 1225, 1231, 1240, 1101, 283, 619, 1000, 1098, 1168, 2009, 1076, 1082, 1090, 1151, 1169, 1172, 1174, 1188, 1200, 1205, 1212, 1232, 1239, 1418, 620, 960, 963, 1110, 1217, 241, 1079, 1094, 1105, 1113, 1161, 1191, 1221, 450, 981, 1421, 1435, 1155, 485, 656, 982, 1127, 1411, 1133, 1163, 1216, 1419, 1423, 964, 1001, 1425, 1208, 456, 988, 992, 1420, 1430, 977, 1006, 1187, 642, 971, 1529, 974, 1424, 418, 638, 1284, 1078, 666, 1431, 985, 1012, 398, 975, 646, 1081, 1146, 1414, 1267, 662, 615, 630, 643, 648, 957, 980, 1517, 406, 428, 445, 469, 952, 1748, 626, 629, 644, 661, 667, 670, 961, 973, 999, 1416, 425, 966, 1757, 161, 222, 405, 654, 657, 659, 671, 958, 991, 1004, 1008, 1432, 1761, 397, 473, 412, 415, 419, 420, 421, 422, 427, 437, 444, 462, 477, 486, 492, 954, 976, 1585, 1732, 1733, 1734, 1735, 1736, 1741, 1745, 1752, 1755, 1759, 2079, 151, 156, 230, 400, 435, 474, 1290, 1408, 1439, 1476, 430, 187, 209, 641, 645, 649, 1236, 1075, 1211, 1080, 1128, 1102, 1129, 1165, 1196], 4: [1145, 1180, 1775, 1785, 1788, 1812, 1835, 1892, 1883, 1779, 1780, 1782, 1783, 1790, 1823, 1836, 1843, 1867, 1879, 1887, 1899, 1851, 139, 139, 139, 145, 139, 139, 139, 159, 139, 139, 139, 139, 170, 173, 175, 176, 179, 139, 181, 183, 139, 139, 139, 139, 139, 145, 139, 139, 139, 175, 145, 139, 139, 145, 206, 139, 139, 139, 139, 139, 216, 139, 223, 139, 206, 139, 139, 231, 139, 139, 139, 139, 145, 145, 139, 471, 139, 139, 617, 139, 658, 139, 139, 139, 1417, 145, 145, 1506, 139, 1774, 1776, 1777, 1778, 1781, 1784, 1786, 1787, 1789, 1791, 1792, 1789, 1795, 1796, 1797, 1798, 1799, 1800, 1801, 1803, 1804, 1805, 1806, 1807, 1808, 1809, 1810, 1811, 1813, 1814, 1815, 1816, 1817, 1818, 1819, 1820, 1821, 1822, 1824, 1825, 1826, 1829, 1830, 1832, 1833, 1834, 1837, 1838, 1839, 1840, 1786, 1842, 1844, 1845, 1846, 1847, 1848, 1849, 1850, 1852, 1853, 1854, 1855, 1856, 1857, 1858, 1859, 1860, 1861, 1862, 1864, 1865, 1866, 1868, 1869, 1870, 1871, 1872, 1873, 1876, 1877, 1878, 1880, 1881, 1798, 1884, 1885, 1886, 1888, 1889, 1890, 1891, 1893, 1894, 1895, 1896, 1898, 1901, 1902, 1903, 1996, 2084, 206, 2091, 1863], 5: [459, 142, 2011, 1426, 1749, 484, 1575, 1452, 154, 1392, 1740, 1754, 149, 2083, 2099, 1758, 168, 965, 1490, 2082, 144, 169, 178, 207, 978, 693, 2085, 1564, 138, 205, 440, 143, 167, 186, 217, 461, 955, 1254, 1260, 2093, 2095, 2096, 2098, 137, 208, 493, 1270, 1530, 1567, 1580, 448, 1461, 1520, 1540, 221, 1897, 2090, 174, 153, 182, 197, 2097, 171, 457, 458, 177, 1399, 1500, 146, 163, 1277, 1470, 2087, 2094, 147, 189, 192, 1471, 1565, 1802, 2080, 2081, 1828, 220, 1480, 1402, 152, 431, 447, 1278, 1383, 1532, 1443, 1489, 1570, 157, 433, 172, 1266, 1281, 1463, 1516, 1513, 1394, 1827, 1874, 2073, 993, 1380, 1560, 1400, 1454, 434, 403, 962, 1005, 1288, 1434, 1457, 1525, 1464, 1462, 224, 1007, 455, 1257, 1261, 1276, 1286, 1396, 1398, 1441, 1444, 1458, 1466, 1479, 1522, 1524, 1526, 1545, 1793, 1875, 2078, 2075, 150, 2074, 2074, 616, 627, 1251, 1255, 1263, 1265, 1391, 1397, 1403, 1445, 1447, 1449, 1456, 1467, 1469, 1494, 1495, 1501, 1523, 1528, 1536, 1538, 1552, 1449, 1569, 1831, 1900, 2072, 1401, 199, 211, 229, 394, 396, 409, 410, 432, 436, 451, 452, 467, 479, 647, 655, 970, 983, 989, 1393, 647, 989, 1557, 1582, 1584, 2077, 2088, 166, 184, 219, 399, 407, 413, 414, 417, 423, 417, 426, 429, 438, 441, 443, 446, 453, 454, 463, 468, 470, 472, 475, 476, 478, 480, 481, 487, 489, 490, 613, 624, 628, 633, 635, 639, 640, 650, 651, 652, 664, 668, 959, 967, 489, 972, 979, 984, 987, 990, 994, 489, 996, 997, 998, 1002, 1003, 1009, 1010, 1011, 1013, 1241, 1242, 1243, 1244, 1245, 1246, 1248, 1249, 1250, 1252, 1253, 1256, 1258, 1259, 1262, 1264, 1268, 1269, 1271, 1272, 1273, 1275, 1279, 1280, 1282, 1264, 1287, 1289, 1379, 1381, 1382, 1384, 1385, 1386, 1387, 1388, 1389, 1390, 1395, 1404, 1405, 1406, 1442, 1243, 1448, 1450, 1451, 1453, 1460, 1468, 1472, 1473, 1475, 984, 1481, 1483, 984, 1485, 1486, 1487, 1488, 1492, 1493, 1496, 1499, 1502, 972, 1504, 1505, 1507, 1508, 1509, 1510, 1483, 1514, 489, 1518, 1519, 1521, 1527, 1531, 1533, 1535, 1537, 1539, 1442, 1542, 1543, 1544, 1546, 1547, 1548, 1549, 1550, 1551, 1553, 1554, 1555, 1558, 1559, 1562, 1563, 1566, 1568, 1571, 1572, 1573, 1574, 1576, 1577, 1578, 1579, 1581, 1583, 1737, 1742, 1468, 2092, 408, 488], 6: [683, 340, 695, 703, 1465, 1512, 1534, 704, 48, 49, 50, 54, 55, 59, 62, 63, 72, 75, 78, 79, 94, 95, 96, 101, 105, 106, 107, 111, 113, 117, 121, 123, 125, 127, 128, 130, 131, 133, 75, 233, 236, 239, 245, 247, 248, 249, 251, 252, 255, 256, 257, 258, 260, 263, 265, 267, 268, 269, 273, 274, 275, 276, 277, 284, 285, 288, 290, 293, 294, 295, 296, 297, 300, 301, 302, 303, 304, 305, 306, 307, 308, 312, 315, 318, 319, 321, 322, 323, 325, 328, 329, 330, 331, 333, 335, 336, 337, 338, 339, 341, 343, 346, 348, 349, 353, 354, 356, 358, 359, 360, 361, 362, 363, 364, 365, 366, 367, 369, 372, 375, 376, 380, 387, 388, 389, 391, 393, 813, 814, 815, 816, 817, 818, 819, 820, 821, 822, 823, 824, 825, 826, 827, 828, 829, 830, 831, 832, 833, 834, 835, 836, 837, 838, 839, 840, 841, 842, 843, 844, 845, 847, 848, 849, 850, 851, 852, 853, 854, 855, 856, 857, 858, 859, 860, 861, 862, 863, 864, 865, 866, 867, 868, 869, 870, 871, 873, 874, 875, 876, 877, 878, 879, 880, 876, 882, 883, 884, 885, 886, 887, 888, 889, 890, 891, 892, 893, 894, 895, 896, 897, 898, 899, 900, 901, 902, 903, 904, 905, 906, 907, 908, 909, 910, 911, 912, 913, 914, 915, 916, 917, 918, 920, 921, 922, 923, 924, 925, 926, 927, 928, 929, 930, 931, 932, 933, 934, 935, 936, 937, 938, 939, 940, 941, 942, 943, 944, 945, 946, 947, 948, 949, 950, 951, 1014, 1016, 1018, 1020, 1021, 1024, 1025, 1028, 1030, 1034, 1035, 1036, 1039, 1040, 1041, 1042, 1043, 1044, 1046, 1047, 1049, 1050, 1054, 1055, 1059, 1060, 1062, 1063, 1067, 1068, 1764, 1766, 1767, 1772]}
 
Função Objetivo: 63.38101903017839
 
Tempo de Execução: [72.59871220588684, 71.07967019081116, 75.66542625427246, 69.65455961227417, 122.36806058883667, 62.337639570236206, 84.63514471054077, 69.97761631011963, 65.48405265808105, 72.79051399230957, 62.91089630126953, 74.74257826805115, 130.42671298980713, 95.61574578285217, 122.52017998695374, 76.03616976737976, 93.30299305915833, 84.70088577270508, 104.73840951919556, 81.87439584732056, 78.64719915390015, 64.9569730758667, 73.66454553604126, 70.8225269317627, 82.25921702384949, 87.42779874801636, 78.0626540184021, 78.35547399520874, 69.26291298866272, 67.72477436065674, 75.1724944114685, 86.05641341209412, 77.32644939422607, 71.06491017341614, 74.24454665184021, 85.21344637870789, 61.96313667297363, 76.71069288253784, 84.02716064453125, 90.37065839767456, 84.26728200912476, 85.37429928779602, 98.77797722816467, 83.54177045822144, 98.82904267311096, 81.54848551750183, 80.69511818885803, 79.2752845287323, 104.15598034858704, 74.18355059623718, 80.74189734458923, 97.82132482528687, 79.3101122379303, 114.72052454948425, 102.91620826721191, 114.66044020652771, 108.84381484985352, 103.96635699272156, 102.78084778785706, 139.03541588783264, 170.3874809741974, 119.82815456390381, 109.62374973297119, 84.81944799423218, 108.94108295440674, 107.529531955719, 106.93318367004395, 108.61574077606201, 80.18098497390747, 96.33231902122498, 104.5803120136261, 90.99060916900635, 107.91391897201538, 111.19714593887329, 116.1013503074646, 123.13475441932678, 125.72055387496948, 115.41133856773376, 119.71245312690735, 99.86446785926819, 129.33574104309082, 109.8165979385376, 178.0041937828064, 93.5261561870575, 113.36182737350464, 80.00940322875977, 67.63599491119385, 64.09221959114075, 88.91436219215393, 77.41058230400085, 111.77993965148926, 112.58218955993652, 99.6481282711029, 106.9946141242981, 121.68474340438843, 110.96277332305908, 93.28924942016602, 118.20045375823975, 107.14902472496033, 109.9963321685791]
 
Indice de Rand Corrigido: 0.5225030575173116
