centroides: [[124.53036776178578, 83.0170953016604, 0.013156194810555102, 0.0, 1.5366314360024957, 1.1620606878730069, 1.7664828828052417, 1.202385598651866, 94.54230649235467, 85.0557890898054, 110.46082327394002, 88.11030889849583, -28.459551965953374, 47.755545568311696, -19.295993554635036, 110.46082327394002, 0.24845659525232086, -2.202848776356756], [16.000000000412086, 74.49999999982144, 0.0, 0.0, 20.055555000216728, 235.40370999911949, 13.74999950012439, 272.00185500183073, 34.2592590003551, 26.2777785003373, 45.33333250040598, 31.166667500322042, -23.94444500005342, 33.222223000152624, -9.277777750099206, 45.33333250040598, 0.5041575149974966, -2.373532599998218], [174.84639004739523, 79.86191661580578, 0.0, 0.0, 24.736476019109922, 604.3814444210574, 18.674758755468662, 222.2197260485752, 42.83076419481481, 35.95341560720239, 52.1798826002459, 40.35899254115102, -20.63204447767428, 28.047352861504425, -7.415308815334833, 52.1798826002459, 0.4081313573470005, -2.377944595049333], [169.67316335321559, 111.84970294323637, 0.0, 0.0, 14.154560768430196, 210.5064176218012, 10.12092439800304, 85.87546390008856, 41.46279952971683, 36.71140083213029, 51.15527525949593, 36.5217205351626, -14.254192817457284, 29.077429570520255, -14.823236736544116, 51.59709961984448, 0.35902640129959884, -2.0288651850451442], [123.15711952622112, 137.2183787795063, 0.009915953649105087, 0.11111111000000001, 4.215736159875055, 14.739135959806635, 5.5056020200229066, 20.047997425862913, 31.148829130569574, 26.3860869818296, 39.78942501758565, 27.270975515697856, -14.288226645743455, 25.92178725884457, -11.633560833491295, 40.11901586512572, 0.49137358398003517, -1.9523008714210939], [174.01235547592665, 78.32476699267879, 0.0, 0.11111111, 22.343464328376342, 853.8602726114113, 25.80946774119976, 904.0384564293789, 36.88100591669533, 31.257981522904164, 44.21267195870759, 35.17236763473508, -16.8690723293451, 21.994994101262574, -5.125922078370967, 44.21267195870759, 0.429428569130943, -2.4290876200241875], [124.84053736116783, 136.4271470062297, 0.01577196856534521, 0.0, 1.6664986980581669, 1.9229702252031098, 2.2210403955974107, 4.852791688528577, 17.95202197134505, 15.521656014191016, 22.07132680676895, 16.263083473037064, -7.29109814626234, 12.357914185452016, -5.0668159922607865, 23.385911651482783, 0.4856799570508505, -1.0461012363942936]]
 
Quantidade de elementos por grupo
 Partição 0: 509
 Partição 1: 2
 Partição 2: 4
 Partição 3: 6
 Partição 4: 71
 Partição 5: 3
 Partição 6: 1505
 
 hyperparametros: [2230241.856613323, 1164831.5104039237, 0.7051955913714806, 2.4938245589273614e-33, 1577.1971931423782, 60297.81547654543, 3185.1837327492653, 216980.11489691757, 169691.6182713248, 150449.05233934356, 207941.65739808817, 165370.07764023388, 22802.810058554827, 67940.85133749677, 41429.64377033551, 203240.82367445133, 17.80562894395223, 901.2601053691692]
 
Lista de objetos por grupo: {0: [107, 109, 233, 236, 239, 245, 247, 248, 249, 251, 255, 257, 258, 259, 260, 263, 265, 267, 268, 269, 273, 274, 275, 276, 284, 285, 288, 290, 293, 294, 295, 297, 300, 301, 302, 303, 304, 306, 307, 308, 312, 315, 319, 321, 322, 323, 325, 328, 329, 330, 333, 335, 337, 338, 339, 341, 343, 346, 348, 349, 353, 354, 356, 358, 359, 360, 361, 362, 363, 365, 367, 369, 372, 376, 387, 388, 391, 393, 494, 495, 496, 497, 498, 499, 500, 501, 502, 503, 504, 505, 506, 507, 508, 509, 510, 511, 512, 513, 514, 515, 516, 517, 518, 519, 520, 521, 522, 523, 524, 525, 526, 527, 528, 529, 530, 531, 532, 533, 534, 535, 536, 537, 538, 539, 540, 541, 542, 543, 544, 545, 546, 547, 548, 549, 550, 551, 552, 553, 554, 683, 704, 705, 706, 707, 708, 709, 710, 711, 712, 713, 714, 715, 716, 717, 718, 719, 720, 721, 722, 723, 724, 726, 727, 728, 729, 730, 731, 732, 733, 734, 735, 736, 737, 738, 739, 740, 741, 742, 743, 744, 745, 746, 747, 748, 749, 750, 751, 752, 753, 754, 755, 756, 757, 758, 759, 760, 761, 762, 813, 814, 815, 816, 817, 818, 820, 821, 823, 824, 828, 829, 830, 831, 832, 833, 834, 836, 837, 838, 839, 843, 844, 845, 847, 848, 849, 850, 851, 852, 853, 854, 855, 856, 857, 858, 859, 861, 862, 864, 865, 870, 871, 874, 876, 878, 879, 876, 882, 883, 884, 885, 886, 887, 889, 890, 892, 893, 895, 897, 898, 899, 900, 901, 902, 903, 904, 905, 906, 908, 910, 911, 912, 913, 914, 915, 917, 918, 920, 921, 922, 924, 926, 927, 928, 929, 930, 932, 933, 934, 935, 936, 937, 938, 939, 940, 941, 942, 943, 944, 945, 946, 950, 1014, 1016, 1018, 1024, 1025, 1028, 1034, 1035, 1036, 1039, 1040, 1041, 1044, 1047, 1049, 1050, 1054, 1055, 1063, 1068, 1291, 1292, 1293, 1294, 1295, 1296, 1297, 1298, 1299, 1300, 1301, 1302, 1303, 1304, 1305, 1306, 1307, 1308, 1309, 1310, 1311, 1312, 1313, 1314, 1315, 1316, 1317, 1318, 1319, 1320, 1321, 1322, 1323, 1324, 1325, 1326, 1327, 1328, 1329, 1330, 1331, 1332, 1333, 1334, 1586, 1587, 1588, 1589, 1590, 1591, 1592, 1593, 1594, 1595, 1596, 1597, 1598, 1599, 1600, 1601, 1602, 1603, 1604, 1605, 1606, 1607, 1608, 1609, 1610, 1611, 1612, 1613, 1614, 1615, 1616, 1617, 1618, 1619, 1620, 1621, 1622, 1623, 1624, 1625, 1626, 1627, 1628, 1629, 1630, 1631, 1632, 1633, 1634, 1635, 1636, 1637, 1638, 1639, 1640, 1641, 1642, 1643, 1764, 1766, 1772, 1904, 1905, 1906, 1907, 1908, 1909, 1910, 1911, 1912, 1913, 1914, 1915, 1916, 1917, 1918, 1919, 1920, 1921, 1922, 1923, 1924, 1925, 1926, 1927, 1928, 1929, 1930, 1931, 1932, 1933, 1934, 1935, 1936, 1937, 1938, 1939, 1940, 1941, 1942, 1943, 1944, 1945, 1946, 1947, 1948, 1949, 1950, 1951, 1952, 1953, 1954, 1955, 1956, 1957, 1958, 1959, 1960, 1961, 1962, 1963, 1964, 1965, 1966, 1967, 1968, 1969, 1970, 1971, 1972, 1973, 1974, 1975, 1976, 1977, 1978, 1979, 1980, 1981, 1982, 1983, 1067, 2009, 473], 1: [1517, 1482], 2: [1247, 1284, 1534, 1477], 3: [1021, 1031, 1070, 2079, 1274, 1042], 4: [1556, 1440, 1465, 1455, 66, 92, 106, 252, 282, 380, 389, 725, 819, 826, 827, 842, 866, 867, 868, 875, 888, 891, 894, 896, 909, 916, 919, 923, 925, 1062, 1744, 439, 1452, 1290, 2082, 1111, 1171, 773, 1088, 209, 638, 803, 32, 177, 400, 435, 444, 645, 955, 2081, 431, 1501, 1568, 449, 703, 1433, 1457, 1439, 1530, 1585, 1255, 1270, 2087, 445, 1565, 1575, 447, 1241, 1444, 2072, 2080], 5: [1512, 1497, 1267], 6: [931, 1060, 1767, 296, 336, 340, 366, 840, 133, 318, 364, 860, 869, 873, 949, 1043, 101, 117, 121, 123, 131, 238, 256, 277, 289, 375, 695, 822, 948, 1020, 1030, 49, 54, 55, 62, 72, 79, 94, 111, 113, 125, 127, 128, 130, 254, 305, 331, 825, 835, 841, 863, 880, 907, 947, 951, 1046, 1059, 48, 50, 53, 59, 63, 74, 75, 78, 88, 93, 95, 96, 105, 75, 244, 327, 877, 1026, 1715, 1721, 1023, 56, 60, 64, 70, 71, 81, 82, 84, 89, 90, 99, 108, 112, 114, 115, 118, 120, 122, 286, 311, 314, 374, 872, 1048, 1770, 57, 73, 76, 85, 103, 126, 235, 253, 261, 310, 324, 351, 383, 384, 677, 846, 1017, 1045, 1051, 1052, 1704, 1714, 1728, 442, 51, 52, 58, 61, 67, 80, 86, 91, 119, 124, 132, 243, 266, 271, 309, 334, 344, 402, 691, 700, 1022, 1285, 1700, 1706, 1708, 1709, 1710, 1712, 1716, 1717, 1718, 1719, 1720, 1726, 1716, 1771, 68, 69, 77, 83, 87, 97, 102, 104, 110, 116, 129, 134, 136, 234, 250, 262, 292, 313, 320, 347, 368, 370, 373, 382, 385, 465, 686, 687, 698, 1019, 1027, 1029, 1032, 1037, 1038, 1057, 1061, 1065, 1069, 1438, 1701, 1702, 1703, 1705, 1707, 1711, 1722, 1723, 1724, 1722, 1727, 1763, 1773, 65, 98, 100, 240, 264, 272, 279, 280, 291, 326, 350, 352, 355, 357, 377, 378, 386, 390, 404, 482, 672, 678, 680, 684, 689, 692, 694, 696, 697, 699, 701, 1015, 1033, 1053, 1056, 1058, 1064, 1066, 1409, 1413, 1427, 1428, 1713, 1730, 1743, 1746, 1750, 1751, 1762, 1765, 1768, 1769, 2030, 2032, 2033, 2034, 2037, 2039, 2040, 2041, 2042, 2043, 2044, 2046, 2047, 2048, 2042, 2055, 2056, 2057, 2058, 2059, 2062, 2048, 2065, 2067, 2068, 2069, 1529, 1476, 1277, 237, 242, 246, 270, 278, 281, 299, 316, 332, 371, 379, 612, 673, 674, 675, 676, 679, 681, 685, 688, 702, 956, 1086, 1415, 1437, 1747, 2035, 2036, 2045, 2049, 2050, 2051, 2053, 2054, 2060, 2061, 2063, 2049, 2070, 2060, 2031, 342, 1159, 1170, 1204, 2038, 2090, 1520, 1570, 345, 1738, 625, 636, 637, 690, 1137, 1238, 1731, 298, 317, 621, 623, 632, 663, 1107, 1115, 1117, 1135, 1148, 1150, 1153, 1164, 1167, 1176, 1194, 1207, 1436, 416, 381, 614, 618, 631, 682, 953, 986, 1085, 1120, 1123, 1126, 1143, 1144, 1183, 1184, 1193, 1198, 1199, 1203, 1206, 1210, 1214, 1222, 1230, 1237, 1407, 1410, 1412, 1418, 1422, 1429, 1435, 1739, 1756, 1760, 398, 418, 29, 241, 283, 287, 392, 456, 611, 619, 620, 622, 634, 656, 764, 765, 766, 769, 778, 781, 785, 788, 796, 798, 799, 808, 960, 963, 969, 981, 982, 1000, 1071, 1072, 1073, 1077, 1083, 1084, 1087, 1089, 1091, 1092, 1093, 1095, 1096, 1097, 1098, 1099, 1106, 1108, 1109, 1112, 1116, 1118, 1119, 1121, 1122, 1124, 1125, 1130, 1131, 1132, 1134, 1138, 1139, 1140, 1142, 1149, 1152, 1154, 1157, 1160, 1162, 1166, 1168, 1173, 1175, 1177, 1178, 1179, 1181, 1185, 1186, 1189, 1190, 1192, 1195, 1197, 1201, 1202, 1209, 1213, 1215, 1218, 1219, 1220, 1223, 1224, 1226, 1227, 1228, 1229, 1231, 1233, 1234, 1235, 1367, 1411, 1419, 1421, 1423, 1425, 1682, 2007, 0, 1, 2, 3, 4, 6, 7, 8, 9, 10, 11, 13, 15, 17, 18, 19, 20, 21, 22, 23, 24, 25, 26, 28, 30, 33, 34, 35, 36, 37, 39, 40, 42, 45, 46, 47, 139, 140, 141, 145, 148, 155, 158, 159, 160, 161, 162, 164, 165, 170, 173, 175, 176, 179, 140, 181, 183, 185, 187, 188, 190, 191, 193, 194, 195, 196, 198, 200, 201, 202, 203, 204, 206, 210, 212, 213, 214, 215, 216, 218, 222, 223, 225, 226, 227, 228, 231, 232, 395, 401, 411, 448, 450, 460, 464, 466, 469, 471, 483, 485, 491, 555, 556, 557, 558, 559, 560, 561, 562, 563, 564, 565, 566, 567, 568, 569, 570, 571, 572, 573, 574, 575, 576, 577, 578, 579, 580, 581, 582, 583, 584, 585, 586, 587, 588, 589, 590, 591, 592, 593, 594, 595, 596, 597, 598, 599, 600, 601, 602, 603, 604, 605, 606, 607, 608, 609, 610, 615, 617, 626, 629, 630, 641, 642, 643, 644, 646, 648, 649, 653, 654, 657, 658, 659, 660, 661, 662, 665, 666, 667, 669, 670, 671, 693, 763, 767, 768, 770, 771, 772, 774, 775, 776, 777, 779, 780, 782, 783, 784, 786, 787, 789, 790, 791, 792, 793, 794, 795, 797, 800, 801, 802, 804, 805, 806, 807, 809, 810, 811, 812, 952, 957, 958, 961, 964, 971, 973, 974, 975, 977, 980, 985, 988, 992, 999, 1001, 1004, 1006, 1008, 1012, 1074, 1075, 1076, 1078, 1079, 1080, 1081, 1082, 1090, 1094, 1100, 1101, 1102, 1103, 1104, 1105, 1110, 1113, 1114, 1127, 1128, 1129, 1133, 1136, 1141, 1145, 1146, 1147, 1151, 1155, 1156, 1158, 1161, 1163, 1165, 1169, 1172, 1174, 1180, 1182, 1187, 1188, 1191, 1196, 1200, 1205, 1208, 1211, 1212, 1216, 1217, 1221, 1225, 1232, 1236, 1239, 1240, 1335, 1336, 1337, 1338, 1339, 1340, 1341, 1342, 1343, 1344, 1345, 1346, 1347, 1348, 1349, 1350, 1351, 1352, 1353, 1354, 1355, 1356, 1357, 1358, 1359, 1360, 1361, 1362, 1363, 1364, 1365, 1366, 1368, 1369, 1370, 1371, 1372, 1373, 1374, 1375, 1376, 1377, 1378, 1414, 1416, 1420, 1424, 1430, 1431, 1432, 1454, 1491, 1498, 1506, 1516, 1564, 1644, 1645, 1646, 1647, 1648, 1649, 1650, 1651, 1652, 1653, 1654, 1655, 1656, 1657, 1659, 1660, 1661, 1662, 1663, 1664, 1665, 1666, 1667, 1668, 1669, 1670, 1671, 1672, 1673, 1674, 1675, 1677, 1678, 1679, 1680, 1681, 1683, 1684, 1685, 1686, 1687, 1688, 1689, 1690, 1691, 1692, 1693, 1694, 1695, 1696, 1697, 1698, 1753, 1758, 1807, 1984, 1985, 1986, 1988, 1994, 1995, 1996, 1998, 1999, 2000, 2001, 2002, 2003, 2006, 2010, 2011, 2012, 2014, 2016, 2018, 2019, 2023, 2024, 2025, 2026, 2028, 2083, 2085, 2089, 2091, 2099, 5, 12, 14, 16, 27, 31, 38, 41, 43, 44, 137, 138, 142, 143, 144, 146, 147, 149, 150, 151, 152, 153, 154, 156, 157, 163, 167, 168, 169, 171, 172, 174, 178, 182, 186, 189, 192, 197, 199, 205, 207, 208, 211, 217, 220, 221, 224, 229, 230, 394, 397, 403, 405, 406, 409, 412, 415, 419, 420, 421, 422, 425, 427, 428, 430, 432, 433, 434, 436, 437, 440, 452, 457, 458, 459, 461, 462, 467, 474, 477, 479, 484, 486, 492, 616, 627, 647, 655, 954, 962, 965, 966, 976, 978, 983, 991, 993, 1007, 1254, 1260, 1266, 1278, 1380, 1383, 1392, 1394, 1398, 1399, 1400, 1401, 1402, 1408, 1417, 1426, 1434, 1459, 1461, 1462, 1464, 1466, 1470, 1480, 1490, 1532, 1567, 1580, 1658, 1676, 1699, 1732, 1733, 1734, 1735, 1736, 1740, 1741, 1745, 1748, 1749, 1752, 1754, 1755, 1757, 1759, 1761, 1774, 1775, 1776, 1777, 1778, 1779, 1780, 1781, 1782, 1783, 1784, 1785, 1786, 1787, 1788, 1789, 1790, 1791, 1792, 1793, 1789, 1795, 1796, 1797, 1798, 1799, 1800, 1801, 1802, 1803, 1804, 1805, 1806, 1808, 1809, 1810, 1811, 1812, 1813, 1814, 1815, 1816, 1817, 1818, 1819, 1820, 1821, 1822, 1823, 1824, 1825, 1826, 1827, 1828, 1829, 1830, 1831, 1832, 1833, 1834, 1835, 1836, 1837, 1838, 1839, 1840, 1786, 1842, 1843, 1844, 1845, 1846, 1847, 1848, 1849, 1850, 1851, 1852, 1853, 1854, 1855, 1856, 1857, 1858, 1859, 1860, 1861, 1862, 1863, 1864, 1865, 1866, 1867, 1868, 1869, 1870, 1871, 1872, 1873, 1874, 1875, 1876, 1877, 1878, 1879, 1880, 1881, 1798, 1883, 1884, 1885, 1886, 1887, 1888, 1889, 1890, 1891, 1892, 1893, 1894, 1895, 1896, 1897, 1898, 1899, 1900, 1901, 1902, 1903, 1987, 1989, 1990, 1991, 1992, 1993, 1997, 2004, 2005, 2008, 2013, 2015, 2017, 2020, 2021, 2022, 2027, 2029, 2073, 2074, 2075, 2074, 2077, 2078, 2084, 2088, 2093, 2094, 2095, 2096, 2097, 2098, 166, 184, 219, 396, 399, 407, 408, 410, 413, 414, 417, 423, 424, 426, 429, 438, 441, 443, 446, 451, 453, 454, 455, 463, 468, 470, 472, 475, 476, 478, 480, 481, 487, 488, 489, 490, 493, 613, 624, 628, 633, 635, 639, 640, 650, 651, 652, 664, 668, 959, 967, 968, 970, 972, 979, 984, 987, 989, 990, 994, 995, 996, 997, 998, 1002, 1003, 1005, 1009, 1010, 1011, 1013, 1242, 1243, 1244, 1245, 1246, 1248, 1249, 1250, 1251, 1252, 1253, 1256, 1257, 1258, 1259, 1261, 1262, 1263, 1264, 1265, 1268, 1269, 1271, 1272, 1273, 1275, 1276, 1279, 1280, 1281, 1282, 1283, 1286, 1287, 1288, 1289, 1379, 1381, 1382, 1384, 1385, 1386, 1387, 1388, 1389, 1390, 1391, 1393, 1395, 1396, 1397, 1403, 1404, 1405, 1406, 1441, 1442, 1443, 1445, 1446, 1447, 1448, 1449, 1450, 1451, 1453, 1456, 1458, 1460, 1463, 1467, 1468, 1469, 1471, 1472, 1473, 1474, 1475, 1478, 1479, 1481, 1483, 1484, 1485, 1486, 1487, 1488, 1489, 1492, 1493, 1494, 1495, 1496, 1499, 1500, 1502, 1503, 1504, 1505, 1507, 1508, 1509, 1510, 1511, 1513, 1514, 1515, 1518, 1519, 1521, 1522, 1523, 1524, 1525, 1526, 1527, 1528, 1531, 1533, 1535, 1536, 1537, 1538, 1539, 1540, 1541, 1542, 1543, 1544, 1545, 1546, 1547, 1548, 1549, 1550, 1551, 1552, 1553, 1554, 1555, 1557, 1558, 1559, 1560, 1449, 1562, 1563, 1566, 1569, 1571, 1572, 1573, 1574, 1576, 1577, 1578, 1579, 1581, 1582, 1583, 1584, 1737, 1742, 2086, 2092]}
 
Função Objetivo: 106.87736675490332
 
Tempo de Execução: [38.68991017341614, 42.36906051635742, 40.626614570617676, 43.052404165267944, 43.70652461051941, 44.026620388031006, 41.86352181434631, 46.48662805557251, 45.7912859916687, 47.18609070777893, 46.74103140830994, 43.36213994026184, 43.44447898864746, 43.86479949951172, 45.08930206298828, 51.43639850616455, 45.306286334991455, 47.62997484207153, 47.87397217750549, 46.457157373428345, 189.06832480430603, 46.261810302734375, 49.69826030731201, 49.071831464767456, 44.26379585266113, 44.57849407196045, 48.39769506454468, 48.644285440444946, 46.368125677108765, 43.661810874938965, 46.26795721054077, 55.29335260391235, 47.876397132873535, 48.873451232910156, 51.00422406196594, 42.47753071784973, 49.637011766433716, 46.59918761253357, 48.74855875968933, 60.07298684120178, 52.26471734046936, 48.83295798301697, 155.7100796699524, 48.53549647331238, 51.71963167190552, 52.73326134681702, 166.60054326057434, 65.30987191200256, 53.163663148880005, 51.60831260681152, 50.91707968711853, 47.992613315582275, 48.46585011482239, 49.610833406448364, 48.11045742034912, 51.398386001586914, 48.17119288444519, 55.19412684440613, 52.204628229141235, 46.67103457450867, 45.58312153816223, 57.89000082015991, 135.09331440925598, 46.82679796218872, 54.6417977809906, 48.45132660865784, 48.2788941860199, 49.05403017997742, 49.04273009300232, 49.076316118240356, 49.373321294784546, 51.16539549827576, 51.62002491950989, 57.72326445579529, 54.300962924957275, 54.092071533203125, 55.541566133499146, 53.249661684036255, 54.79221200942993, 55.81103038787842, 51.13369417190552, 53.10024356842041, 49.833003520965576, 52.245429039001465, 70.32428646087646, 52.0564546585083, 56.86513590812683, 57.330140590667725, 54.53817176818848, 51.937403440475464, 47.17047739028931, 325.8714394569397, 48.53739404678345, 49.331066608428955, 55.22858262062073, 55.96311569213867, 48.902480363845825, 46.69606876373291, 52.04305720329285, 48.88788819313049]
 
Indice de Rand Corrigido: 0.11713954221449605
