centroides: [[0.5311264846905841, 0.37447916723719243, 0.0, 0.0, 0.5209125710171431, 0.09382230473199059, 0.191459618736065, 0.06065960180268285, 0.24972567729909692, 0.22361223554369278, 0.29823269532713353, 0.22310989245542193, 0.5739272441833183, 0.42330882684512666, 0.3729838842952559, 0.2993832841041399, 0.4062656315215511, 0.14823325792562408], [0.5286156144317328, 0.5282902555849796, 0.045157455561874976, 0.0, 0.08505656216289198, 0.002151572929868581, 0.08477097582777614, 0.006676972640397955, 0.3307601108026695, 0.30673837577665264, 0.38980596947307256, 0.29085128735502774, 0.56252162570064, 0.49298312162070856, 0.2722063985633748, 0.38986109931876994, 0.3052095263366193, 0.16571097847197364], [0.535976310930198, 0.15020903008346798, 0.027870679197500133, 0.0, 0.030049469648655548, 0.0005376415289456327, 0.026681068968620627, 0.0005834623112282592, 0.823141455860954, 0.7795921653366152, 0.8941267236329115, 0.7886094519476621, 0.27056608357559064, 0.6666417493518513, 0.28905334468748534, 0.8941267236329115, 0.2119044504382191, 0.12511375346993597], [0.7417654772748412, 0.31250000013469553, 0.0, 0.0, 0.7528517134459254, 0.5231535336496955, 0.33519664982122066, 0.11486548336490951, 0.2963250006950458, 0.26634252038324174, 0.3429062378465078, 0.27539619384485503, 0.5323383114089091, 0.425098040018185, 0.41239723277777995, 0.3429062378465078, 0.3645629709987647, 0.13158799398557258], [0.5072463768812338, 0.6368055555727582, 0.055555553876331425, 1.0, 0.08586820054483935, 0.0024935816287092877, 0.1198757660858236, 0.002142534266538417, 0.27282899688544643, 0.2505402528904959, 0.32314677713489137, 0.24058196565273268, 0.5929726355931149, 0.43745098336099014, 0.33080330578014505, 0.32314677713489137, 0.33397830498127873, 0.16559864004345795], [0.4810917585623039, 0.5056869487747003, 0.02702702769657502, 0.5, 0.19543210414976409, 0.05822915566247489, 0.17690108915124195, 0.06328633350169813, 0.2278630312268652, 0.20219895518742906, 0.27409146405002766, 0.2032609273571725, 0.5840056582438098, 0.4072178085055711, 0.3886866109000933, 0.27610157444934275, 0.48257568384305816, 0.17641285573971457], [0.45725112359675935, 0.521825571133763, 0.05096660653963341, 0.0, 0.04512285747775923, 0.0015428340350271835, 0.03391478769383425, 0.0014914083412933363, 0.07594259427119837, 0.0664747795902248, 0.08801064318776257, 0.0721569185099387, 0.7443357728465556, 0.20756435912519092, 0.5476401038042423, 0.09953837297018216, 0.5415293109401332, 0.3904690524758343]]
 
Quantidade de elementos por grupo
 Partição 0: 16
 Partição 1: 561
 Partição 2: 299
 Partição 3: 6
 Partição 4: 6
 Partição 5: 74
 Partição 6: 1138
 
 hyperparametros: [441067619.68122107, 200876154.09242997, 79593460.53623956, 7.304213180165744e-128, 12398643.24548727, 359252.10653640697, 16175062.096665608, 753038.6496220005, 42619788.912866876, 43700409.09219627, 43920810.70139375, 45392367.49826525, 62488898.06732832, 53764782.056797594, 92371753.53964306, 46546420.13400537, 187139236.26065132, 258123994.8436113]
 
Lista de objetos por grupo: {0: [1274, 1021, 1277, 1285, 1476, 2079, 686, 1042, 696, 404, 1019, 1066, 1023, 1067, 1482, 1517], 1: [378, 465, 334, 250, 697, 48, 50, 51, 52, 53, 56, 57, 58, 59, 60, 61, 62, 64, 65, 67, 68, 69, 71, 73, 74, 75, 76, 77, 79, 80, 81, 82, 83, 84, 85, 86, 87, 88, 89, 90, 93, 94, 95, 96, 97, 98, 99, 100, 102, 103, 104, 105, 110, 111, 112, 113, 114, 115, 116, 118, 120, 122, 123, 124, 125, 127, 128, 129, 75, 136, 234, 235, 237, 240, 242, 243, 244, 246, 253, 254, 261, 262, 264, 266, 270, 271, 272, 277, 278, 279, 280, 281, 286, 291, 292, 298, 299, 309, 310, 311, 313, 314, 316, 320, 324, 327, 332, 340, 344, 345, 347, 350, 351, 352, 355, 357, 368, 370, 371, 373, 377, 379, 382, 383, 384, 385, 386, 390, 416, 442, 612, 623, 625, 632, 636, 637, 672, 673, 674, 675, 676, 677, 678, 679, 680, 681, 684, 685, 687, 688, 689, 690, 691, 692, 694, 695, 699, 700, 701, 702, 705, 872, 877, 1015, 1017, 1022, 1026, 1027, 1029, 1032, 1033, 1037, 1038, 1046, 1048, 1051, 1052, 1053, 1056, 1057, 1058, 1059, 1060, 1061, 1064, 1065, 1069, 1086, 1107, 1115, 1135, 1137, 1150, 1159, 1170, 1176, 1194, 1204, 1207, 1238, 1407, 1409, 1413, 1415, 1427, 1428, 1436, 1437, 1438, 1700, 1701, 1702, 1703, 1704, 1705, 1706, 1707, 1708, 1709, 1710, 1711, 1712, 1713, 1714, 1715, 1716, 1717, 1718, 1719, 1720, 1721, 1722, 1723, 1724, 1722, 1726, 1727, 1728, 1716, 1730, 1731, 1738, 1739, 1743, 1746, 1747, 1750, 1751, 1756, 1762, 1763, 1765, 1768, 1769, 1770, 1771, 1773, 2030, 2032, 2033, 2035, 2037, 2039, 2040, 2041, 2042, 2043, 2044, 2046, 2047, 2048, 2051, 2042, 2054, 2055, 2056, 2057, 2058, 2060, 2062, 2048, 2067, 2068, 2069, 2070, 2060, 91, 108, 119, 134, 698, 326, 342, 402, 482, 956, 2036, 2038, 2045, 2049, 2050, 2053, 2059, 2061, 2063, 2065, 2049, 238, 256, 265, 289, 296, 305, 318, 336, 364, 366, 683, 854, 873, 882, 929, 931, 948, 950, 1020, 1030, 1043, 1045, 1766, 1767, 49, 54, 55, 63, 70, 72, 78, 101, 117, 121, 126, 130, 131, 132, 133, 331, 374, 375, 822, 825, 835, 838, 840, 841, 846, 860, 863, 869, 880, 907, 947, 949, 951, 1529, 398, 418, 248, 325, 330, 356, 824, 837, 844, 847, 848, 856, 857, 862, 870, 871, 885, 889, 898, 905, 906, 918, 936, 946, 1034, 1044, 1055, 1764, 1772, 239, 267, 269, 295, 315, 321, 329, 339, 360, 362, 363, 391, 813, 816, 817, 818, 821, 823, 828, 829, 830, 831, 832, 833, 834, 836, 839, 849, 850, 851, 853, 858, 859, 861, 864, 865, 874, 876, 876, 887, 892, 893, 899, 900, 904, 910, 911, 913, 914, 917, 920, 921, 922, 927, 928, 930, 932, 933, 934, 935, 939, 940, 941, 945, 1035, 1036, 1049, 1054, 1018, 704, 236, 258, 273, 274, 288, 293, 307, 333, 358, 376, 884, 897, 908, 924, 1014, 1028, 1063, 233, 247, 251, 255, 260, 263, 268, 276, 284, 285, 290, 294, 297, 301, 302, 303, 304, 308, 312, 319, 323, 335, 337, 338, 341, 343, 348, 354, 361, 372, 388, 814, 815, 820, 843, 845, 852, 855, 878, 879, 883, 886, 890, 895, 901, 902, 903, 912, 915, 926, 937, 938, 942, 943, 1016, 1024, 1025, 1039, 1040, 1041, 1047, 1050, 1068, 257, 249, 353, 369, 245, 275, 300, 306, 322, 328, 346, 349, 365, 367, 387, 393, 359], 2: [1923, 494, 495, 496, 497, 498, 499, 500, 501, 502, 503, 504, 505, 506, 507, 508, 509, 510, 511, 512, 513, 514, 515, 516, 517, 518, 519, 520, 521, 522, 523, 524, 525, 526, 527, 528, 529, 530, 531, 532, 533, 534, 535, 536, 537, 538, 539, 540, 541, 542, 543, 544, 545, 546, 547, 548, 549, 550, 551, 552, 553, 554, 706, 707, 708, 709, 710, 711, 712, 713, 714, 715, 716, 717, 718, 719, 720, 721, 722, 723, 724, 726, 727, 728, 729, 730, 731, 732, 733, 734, 735, 736, 737, 738, 739, 740, 741, 742, 743, 744, 745, 746, 747, 748, 749, 750, 751, 752, 753, 754, 755, 756, 757, 758, 759, 760, 761, 762, 1291, 1292, 1293, 1294, 1295, 1296, 1297, 1298, 1299, 1300, 1301, 1302, 1303, 1304, 1305, 1306, 1307, 1308, 1309, 1310, 1311, 1312, 1313, 1314, 1315, 1316, 1317, 1318, 1319, 1320, 1321, 1322, 1323, 1324, 1325, 1326, 1327, 1328, 1329, 1330, 1331, 1332, 1333, 1334, 1586, 1587, 1588, 1589, 1590, 1591, 1592, 1593, 1594, 1595, 1596, 1597, 1598, 1599, 1600, 1601, 1602, 1603, 1604, 1605, 1606, 1607, 1608, 1609, 1610, 1611, 1612, 1613, 1614, 1615, 1616, 1617, 1618, 1619, 1620, 1621, 1622, 1623, 1624, 1625, 1626, 1627, 1628, 1629, 1630, 1631, 1632, 1633, 1634, 1635, 1636, 1637, 1638, 1639, 1640, 1641, 1642, 1643, 1904, 1905, 1906, 1907, 1908, 1909, 1910, 1911, 1912, 1913, 1914, 1915, 1916, 1917, 1918, 1919, 1920, 1921, 1922, 1924, 1925, 1926, 1927, 1928, 1929, 1930, 1931, 1932, 1933, 1934, 1935, 1936, 1937, 1938, 1939, 1940, 1941, 1942, 1943, 1944, 1945, 1946, 1947, 1948, 1949, 1950, 1951, 1952, 1953, 1954, 1955, 1956, 1957, 1958, 1959, 1960, 1961, 1962, 1963, 1964, 1965, 1966, 1967, 1968, 1969, 1970, 1971, 1972, 1973, 1974, 1975, 1976, 1977, 1978, 1979, 1980, 1981, 1982, 1983], 3: [1070, 1247, 1477, 1031, 1284, 1534], 4: [107, 109, 944, 259, 473, 2009], 5: [1267, 1455, 1497, 1440, 1465, 1512, 449, 1556, 725, 703, 66, 380, 389, 819, 826, 827, 842, 866, 867, 868, 875, 888, 891, 894, 896, 909, 916, 923, 925, 1062, 252, 439, 177, 209, 282, 638, 645, 1088, 1111, 1171, 1433, 1744, 92, 106, 773, 803, 919, 32, 431, 444, 955, 1241, 1255, 1270, 1290, 1457, 1530, 1568, 2072, 2080, 2081, 2082, 2087, 400, 435, 445, 447, 1439, 1444, 1452, 1501, 1565, 1575, 1585], 6: [1732, 663, 1148, 991, 621, 1143, 1153, 1164, 430, 1570, 986, 1117, 1167, 1760, 397, 381, 614, 631, 1230, 1418, 1422, 2034, 317, 1429, 456, 1412, 433, 419, 427, 611, 618, 622, 682, 953, 960, 969, 988, 1000, 1085, 1120, 1123, 1183, 1193, 1199, 1203, 1210, 1214, 1224, 1237, 1421, 1410, 1435, 2031, 406, 412, 428, 437, 1126, 1198, 1206, 1223, 619, 620, 634, 642, 974, 977, 981, 982, 1001, 1087, 1089, 1091, 1095, 1097, 1099, 1106, 1112, 1121, 1125, 1130, 1131, 1144, 1149, 1154, 1166, 1175, 1184, 1185, 1197, 1218, 1220, 1222, 1226, 1411, 1420, 1423, 1748, 287, 1419, 1122, 1124, 1157, 1160, 1186, 1213, 1219, 420, 421, 425, 462, 963, 964, 971, 975, 992, 1072, 1083, 1084, 1092, 1109, 1116, 1162, 1168, 1192, 1209, 1229, 1424, 1425, 1006, 1101, 1178, 1231, 156, 230, 392, 615, 629, 643, 644, 646, 648, 654, 656, 661, 662, 666, 667, 670, 1071, 1118, 1119, 1134, 1139, 1142, 1152, 1227, 1234, 1733, 1735, 1755, 1757, 1761, 1228, 450, 961, 973, 1093, 1138, 1190, 1195, 1201, 1208, 1233, 283, 415, 422, 474, 485, 957, 985, 1012, 1098, 1430, 1432, 1077, 1202, 477, 486, 492, 952, 958, 966, 976, 1004, 1008, 1073, 1104, 1108, 1127, 1132, 1140, 1141, 1151, 1163, 1173, 1179, 1181, 1212, 1215, 1225, 1235, 1416, 1431, 954, 1136, 765, 778, 796, 151, 161, 222, 241, 626, 630, 641, 649, 657, 659, 671, 1096, 1103, 1177, 1254, 1260, 1408, 1734, 1741, 1759, 766, 980, 1158, 2083, 469, 1189, 1240, 1414, 1490, 579, 768, 769, 770, 771, 775, 784, 801, 802, 1338, 1342, 1645, 1649, 1654, 1668, 1673, 1674, 1685, 1687, 1690, 1698, 18, 140, 142, 164, 140, 187, 196, 561, 563, 568, 569, 578, 580, 585, 587, 594, 595, 601, 602, 605, 607, 609, 658, 669, 772, 774, 787, 789, 794, 812, 1335, 1336, 1341, 1347, 1353, 1357, 1361, 1362, 1368, 1378, 1652, 1657, 1664, 1666, 1686, 1688, 1689, 1736, 1745, 1752, 1753, 1754, 1986, 1998, 1999, 2010, 2028, 2090, 560, 565, 570, 576, 581, 589, 596, 767, 777, 786, 790, 792, 793, 797, 798, 799, 800, 804, 805, 807, 808, 810, 811, 1337, 1339, 1343, 1352, 1356, 1363, 1366, 1367, 1369, 1373, 1377, 1659, 1661, 1679, 1693, 1076, 1100, 1644, 2085, 764, 785, 788, 809, 1682, 781, 21, 1650, 1676, 2, 14, 19, 26, 27, 39, 138, 139, 141, 143, 144, 146, 147, 148, 149, 153, 154, 155, 157, 158, 159, 160, 162, 163, 165, 167, 168, 169, 170, 171, 173, 174, 175, 178, 179, 182, 183, 185, 186, 188, 189, 190, 191, 192, 193, 195, 197, 198, 200, 201, 202, 203, 204, 205, 206, 207, 210, 212, 213, 214, 215, 216, 217, 218, 223, 225, 227, 228, 231, 232, 556, 575, 583, 592, 598, 599, 617, 653, 660, 665, 965, 1205, 1340, 1392, 1658, 1697, 1740, 1749, 1758, 1785, 1788, 1798, 1805, 1810, 1817, 1822, 1825, 1835, 1843, 1844, 1846, 1855, 1859, 1867, 1798, 1883, 1892, 1984, 1987, 1994, 1997, 2001, 2003, 2013, 2016, 2018, 2019, 2023, 2024, 2025, 2093, 2094, 572, 603, 1345, 1349, 1370, 1376, 1653, 1662, 1663, 1667, 1669, 1672, 1677, 1695, 16, 23, 37, 38, 41, 42, 44, 137, 145, 150, 152, 172, 176, 181, 184, 194, 199, 208, 211, 219, 220, 221, 224, 226, 229, 395, 401, 411, 448, 464, 466, 483, 491, 616, 627, 640, 647, 650, 652, 655, 693, 763, 962, 996, 998, 999, 1005, 1007, 1009, 1011, 1013, 1075, 1102, 1129, 1147, 1156, 1172, 1174, 1200, 1236, 1242, 1243, 1244, 1245, 1246, 1249, 1250, 1251, 1252, 1253, 1256, 1257, 1258, 1259, 1261, 1262, 1263, 1264, 1265, 1266, 1268, 1269, 1271, 1272, 1273, 1275, 1276, 1278, 1279, 1280, 1281, 1282, 1283, 1286, 1287, 1288, 1289, 1348, 1358, 1359, 1380, 1381, 1396, 1434, 1506, 1775, 1777, 1778, 1779, 1780, 1781, 1784, 1786, 1795, 1800, 1801, 1803, 1807, 1808, 1809, 1811, 1814, 1815, 1818, 1820, 1821, 1826, 1828, 1832, 1836, 1838, 1839, 1840, 1786, 1842, 1845, 1848, 1851, 1852, 1853, 1857, 1858, 1860, 1862, 1863, 1864, 1865, 1866, 1868, 1869, 1870, 1871, 1873, 1876, 1878, 1884, 1885, 1886, 1889, 1890, 1891, 1893, 1895, 1896, 1898, 1899, 1901, 1903, 1991, 1993, 2004, 2005, 2007, 2011, 2015, 2022, 2029, 2073, 2074, 2075, 2074, 2077, 2078, 2086, 2097, 2098, 0, 1, 3, 4, 5, 6, 8, 9, 10, 12, 13, 15, 17, 20, 24, 25, 28, 29, 30, 33, 34, 35, 36, 45, 47, 555, 557, 558, 559, 562, 564, 566, 567, 571, 573, 574, 577, 584, 586, 590, 591, 597, 604, 606, 608, 610, 776, 779, 780, 783, 791, 795, 1346, 1351, 1355, 1360, 1364, 1365, 1372, 1374, 1375, 1648, 1651, 1655, 1660, 1665, 1670, 1671, 1675, 1678, 1680, 1681, 1683, 1684, 1691, 1692, 1694, 1699, 1988, 1989, 1995, 2002, 2006, 2012, 2014, 2027, 7, 11, 22, 31, 40, 43, 46, 166, 394, 396, 399, 403, 405, 407, 408, 409, 410, 413, 414, 417, 423, 424, 426, 429, 432, 434, 436, 438, 440, 441, 443, 446, 451, 452, 453, 454, 455, 457, 458, 459, 460, 461, 463, 467, 468, 470, 471, 472, 475, 476, 478, 479, 480, 481, 484, 487, 488, 489, 490, 493, 582, 588, 593, 600, 613, 624, 628, 633, 635, 639, 651, 664, 668, 782, 806, 959, 967, 968, 970, 972, 978, 979, 983, 984, 987, 989, 990, 993, 994, 995, 997, 1002, 1003, 1010, 1074, 1078, 1079, 1080, 1081, 1082, 1090, 1094, 1105, 1110, 1113, 1114, 1128, 1133, 1145, 1146, 1155, 1161, 1165, 1169, 1180, 1182, 1187, 1188, 1191, 1196, 1211, 1216, 1217, 1221, 1232, 1239, 1248, 1344, 1350, 1354, 1371, 1379, 1382, 1383, 1384, 1385, 1386, 1387, 1388, 1389, 1390, 1391, 1393, 1394, 1395, 1397, 1398, 1399, 1400, 1401, 1402, 1403, 1404, 1405, 1406, 1417, 1426, 1441, 1442, 1443, 1445, 1446, 1447, 1448, 1449, 1450, 1451, 1453, 1454, 1456, 1458, 1459, 1460, 1461, 1462, 1463, 1464, 1466, 1467, 1468, 1469, 1470, 1471, 1472, 1473, 1474, 1475, 1478, 1479, 1480, 1481, 1483, 1484, 1485, 1486, 1487, 1488, 1489, 1491, 1492, 1493, 1494, 1495, 1496, 1498, 1499, 1500, 1502, 1503, 1504, 1505, 1507, 1508, 1509, 1510, 1511, 1513, 1514, 1515, 1516, 1518, 1519, 1520, 1521, 1522, 1523, 1524, 1525, 1526, 1527, 1528, 1531, 1532, 1533, 1535, 1536, 1537, 1538, 1539, 1540, 1541, 1542, 1543, 1544, 1545, 1546, 1547, 1548, 1549, 1550, 1551, 1552, 1553, 1554, 1555, 1557, 1558, 1559, 1560, 1449, 1562, 1563, 1564, 1566, 1567, 1569, 1571, 1572, 1573, 1574, 1576, 1577, 1578, 1579, 1580, 1581, 1582, 1583, 1584, 1646, 1647, 1656, 1696, 1737, 1742, 1774, 1776, 1782, 1783, 1787, 1789, 1790, 1791, 1792, 1793, 1789, 1796, 1797, 1799, 1802, 1804, 1806, 1812, 1813, 1816, 1819, 1823, 1824, 1827, 1829, 1830, 1831, 1833, 1834, 1837, 1847, 1849, 1850, 1854, 1856, 1861, 1872, 1874, 1875, 1877, 1879, 1880, 1881, 1887, 1888, 1894, 1897, 1900, 1902, 1985, 1990, 1992, 1996, 2000, 2008, 2017, 2020, 2021, 2026, 2084, 2088, 2089, 2091, 2092, 2095, 2096, 2099]}
 
Indice de Rand Corrigido: 0.31169929693595433
