centroides: [[0.30444520386422164, 0.2843182966558325, 0.35507764116796303, 0.26973656937794865, 0.5978173209681624, 0.4464353981989661, 0.311384904808704, 0.3551477764390973, 0.2933436615281633, 0.16589088378211805], [0.7411238305198445, 0.6805193074275196, 0.8369343775087905, 0.696847059263243, 0.17893650492279628, 0.7662331106326532, 0.2216165336584789, 0.8369343775087905, 0.26302116710380014, 0.12778193062675738], [0.15232278513464817, 0.13894872292536625, 0.19227401353957171, 0.12266195913186835, 0.692988880610967, 0.3592684758303082, 0.35517983043554463, 0.19252866556705747, 0.4306667471039203, 0.189112064610533], [0.8944886761981831, 0.8656563161471696, 0.9438426397302919, 0.8685863872011049, 0.34944985069869666, 0.579835686569852, 0.34883218935981036, 0.9438426397302919, 0.1673517225531859, 0.12258357489995397], [0.026840829626540944, 0.021228933523978696, 0.041177683582850975, 0.017021614366331084, 0.7866324304050817, 0.20682747939336815, 0.5058096272163426, 0.0421774643706923, 0.6665301506234061, 0.21880485021900356], [0.41312462049273935, 0.38286747296864243, 0.4865481526933043, 0.363866518850909, 0.4931786919625861, 0.5813712462120667, 0.20017206317302497, 0.4865481526933043, 0.2989252209936436, 0.16513618759125606], [0.10874419794015878, 0.09136017864745816, 0.09235913337344961, 0.142637645472549, 0.679196109347315, 0.07894687901625164, 0.8213397585119795, 0.13486291400295133, 0.4144789988841097, 0.8923378908023699]]
 
Quantidade de elementos por grupo
 Partição 0: 284
 Partição 1: 139
 Partição 2: 402
 Partição 3: 161
 Partição 4: 575
 Partição 5: 242
 Partição 6: 297
 
 hyperparametros: [0.4245536117794764, 0.5298524592493127, 0.4483170378623468, 0.458395535952077, 3.0546759187394374, 1.5856849742807653, 1.314823752863289, 0.45902327441235324, 9.340321627860439, 1.779141207128284]
 
Lista de objetos por grupo: {0: [90, 93, 846, 863, 1700, 1704, 1708, 1709, 1712, 1714, 1718, 1719, 1720, 1726, 62, 79, 94, 101, 106, 109, 111, 117, 122, 123, 127, 128, 130, 238, 243, 244, 254, 256, 261, 265, 271, 286, 289, 314, 318, 327, 331, 336, 340, 351, 364, 366, 374, 375, 383, 384, 389, 449, 822, 825, 841, 880, 894, 907, 947, 1274, 1482, 1715, 1721, 1728, 48, 49, 50, 51, 52, 53, 54, 55, 56, 57, 58, 59, 60, 61, 63, 64, 66, 67, 68, 69, 70, 71, 72, 73, 74, 75, 76, 77, 78, 80, 81, 82, 83, 84, 85, 86, 87, 88, 89, 91, 92, 95, 96, 97, 98, 99, 100, 102, 103, 104, 105, 107, 108, 110, 112, 113, 114, 115, 116, 118, 119, 120, 124, 125, 126, 129, 131, 132, 134, 75, 136, 234, 235, 253, 259, 262, 266, 277, 305, 309, 310, 311, 324, 334, 344, 347, 355, 368, 385, 672, 677, 686, 687, 691, 698, 699, 700, 835, 842, 872, 877, 919, 951, 1017, 1022, 1023, 1026, 1027, 1029, 1032, 1045, 1046, 1048, 1051, 1052, 1059, 1061, 1069, 1070, 1702, 1705, 1706, 1710, 1711, 1716, 1717, 1723, 1724, 1716, 1762, 1763, 1770, 1771, 1440, 1455, 1477, 1556, 1497, 678, 680, 689, 701, 402, 705, 1769, 1247, 280, 377, 1057, 1765, 1707, 679, 692, 65, 382, 1053, 1773, 674, 675, 373, 1058, 1703, 1727, 685, 326, 1019, 1033, 1037, 313, 320, 370, 1064, 1065, 371, 272, 1015, 1722, 1722, 673, 250, 264, 279, 292, 1038, 1701, 282, 676, 688, 1438, 357, 390, 2030, 2056, 2058, 1285, 1713, 386, 1066, 1768, 2048, 2048, 681, 684, 694, 2065, 442, 316, 378, 697, 2060, 2060, 1730, 1750, 242, 2037, 281, 2050, 1743, 2041, 2061], 1: [1932, 1965, 494, 495, 496, 497, 498, 499, 500, 501, 502, 503, 504, 505, 506, 507, 508, 509, 510, 511, 512, 513, 514, 515, 516, 517, 518, 519, 521, 522, 523, 524, 525, 526, 527, 529, 530, 532, 533, 534, 535, 536, 537, 538, 539, 540, 541, 542, 543, 544, 545, 546, 547, 548, 549, 550, 551, 552, 553, 554, 710, 1904, 1906, 1907, 1909, 1910, 1912, 1914, 1915, 1916, 1917, 1918, 1919, 1922, 1925, 1927, 1929, 1931, 1934, 1936, 1938, 1941, 1943, 1947, 1948, 1949, 1950, 1951, 1952, 1953, 1954, 1956, 1957, 1958, 1960, 1962, 1963, 1964, 1966, 1967, 1969, 1970, 1972, 1973, 1974, 1975, 1976, 1978, 1979, 1905, 1908, 1911, 1913, 1920, 1921, 1924, 1926, 1928, 1930, 1933, 1937, 1939, 1940, 1942, 1945, 1955, 1959, 1961, 1971, 1977, 1980, 1981, 1982, 1983, 1923, 1944, 1946, 1968, 1935], 2: [1056, 956, 404, 465, 416, 439, 482, 1409, 1413, 1415, 1427, 1428, 1433, 1437, 1731, 1738, 1739, 1744, 1746, 1747, 1751, 1756, 237, 240, 270, 278, 291, 332, 350, 379, 612, 636, 637, 986, 1031, 1170, 1204, 1436, 2033, 2045, 2053, 2055, 2063, 246, 298, 299, 342, 345, 352, 614, 621, 623, 625, 631, 632, 663, 696, 1086, 1115, 1135, 1137, 1150, 1159, 1238, 2032, 2035, 2036, 2038, 2039, 2040, 2042, 2043, 2044, 2046, 2049, 2051, 2042, 2057, 2059, 2062, 2049, 2067, 2068, 2069, 2070, 317, 381, 690, 702, 1107, 1117, 1143, 1148, 1153, 1164, 1167, 1176, 1194, 1207, 2047, 2054, 1230, 682, 1407, 1760, 1085, 1111, 1123, 1193, 418, 953, 1120, 1171, 1183, 1203, 1214, 1237, 1422, 1429, 1529, 398, 1418, 392, 611, 618, 969, 1106, 1122, 1125, 1126, 1144, 1198, 1199, 1206, 1210, 1218, 1220, 1222, 1223, 1224, 1226, 1410, 1412, 2031, 1517, 456, 1267, 287, 620, 622, 634, 960, 963, 981, 1000, 1072, 1084, 1091, 1092, 1095, 1097, 1109, 1121, 1124, 1130, 1131, 1154, 1157, 1160, 1162, 1184, 1185, 1192, 1209, 1219, 1421, 1423, 1435, 2034, 406, 412, 427, 428, 437, 619, 642, 656, 964, 971, 977, 982, 988, 992, 1001, 1006, 1071, 1077, 1083, 1087, 1088, 1089, 1093, 1099, 1101, 1112, 1116, 1132, 1139, 1140, 1149, 1152, 1166, 1175, 1178, 1181, 1186, 1197, 1202, 1213, 1227, 1228, 1229, 1231, 1233, 1234, 1235, 1284, 1411, 1419, 1420, 1424, 1425, 419, 462, 421, 422, 425, 952, 1748, 283, 445, 485, 638, 643, 646, 648, 666, 957, 974, 975, 985, 1012, 1073, 1082, 1096, 1098, 1100, 1103, 1104, 1108, 1118, 1119, 1127, 1134, 1136, 1138, 1141, 1142, 1156, 1158, 1163, 1168, 1173, 1179, 1182, 1189, 1190, 1195, 1201, 1212, 1215, 1225, 1430, 1431, 486, 430, 473, 1439, 230, 405, 415, 420, 444, 474, 492, 954, 966, 976, 1585, 1732, 1735, 1755, 1757, 397, 450, 469, 615, 626, 629, 630, 644, 654, 659, 661, 662, 667, 670, 958, 961, 973, 980, 991, 999, 1004, 1008, 1074, 1076, 1079, 1081, 1090, 1105, 1110, 1113, 1114, 1146, 1147, 1151, 1155, 1169, 1172, 1174, 1177, 1187, 1188, 1191, 1200, 1205, 1208, 1217, 1221, 1232, 1239, 1240, 1414, 1416, 1432, 1761, 2009, 477, 1734, 1736, 1741, 1745, 1759, 1290, 156, 161, 187, 209, 222, 241, 400, 641, 645, 649, 657, 671, 1075, 1078, 1080, 1094, 1102, 1128, 1129, 1133, 1161, 1165, 1196, 1211, 1216, 1236, 1476, 2079, 459, 1733, 1752, 1180, 1452, 1145, 1408, 1575, 435], 3: [528, 531, 520, 712, 728, 734, 741, 752, 754, 1596, 1603, 1618, 706, 707, 711, 717, 721, 725, 731, 732, 738, 740, 742, 747, 748, 753, 755, 756, 757, 1594, 1598, 1601, 1602, 1615, 1617, 1643, 714, 715, 716, 720, 722, 727, 729, 730, 735, 737, 743, 744, 745, 749, 750, 758, 760, 761, 1590, 1616, 1640, 708, 709, 713, 718, 719, 723, 724, 726, 733, 739, 746, 751, 759, 762, 1588, 1589, 1599, 1600, 1606, 1607, 1608, 1610, 1611, 1614, 1619, 1624, 1625, 1628, 1630, 1631, 1633, 1634, 1635, 1636, 1637, 1641, 736, 1586, 1591, 1593, 1595, 1597, 1604, 1609, 1612, 1613, 1620, 1621, 1626, 1632, 1638, 1639, 1642, 1322, 1587, 1592, 1605, 1622, 1623, 1627, 1629, 1302, 1320, 1291, 1292, 1293, 1294, 1295, 1296, 1297, 1298, 1299, 1300, 1301, 1303, 1304, 1305, 1306, 1307, 1308, 1309, 1310, 1311, 1312, 1313, 1314, 1315, 1316, 1317, 1318, 1319, 1321, 1323, 1324, 1325, 1326, 1327, 1328, 1329, 1330, 1331, 1332, 1333, 1334], 4: [394, 137, 138, 147, 152, 157, 166, 168, 171, 172, 174, 177, 178, 182, 184, 189, 192, 197, 199, 205, 207, 208, 211, 219, 220, 221, 396, 399, 407, 408, 409, 410, 413, 414, 417, 423, 417, 426, 429, 431, 436, 438, 440, 441, 443, 446, 447, 451, 452, 453, 454, 455, 457, 458, 461, 463, 468, 470, 472, 475, 476, 478, 479, 480, 481, 487, 488, 489, 490, 493, 613, 616, 624, 627, 628, 633, 635, 639, 640, 650, 651, 652, 655, 664, 668, 955, 959, 962, 967, 489, 970, 972, 979, 984, 987, 989, 990, 993, 994, 489, 996, 997, 998, 1002, 1003, 1005, 1007, 1009, 1010, 1011, 1013, 1241, 1242, 1243, 1244, 1245, 1246, 1248, 1249, 1250, 1251, 1252, 1253, 1255, 1256, 1257, 1258, 1259, 1260, 1261, 1262, 1263, 1264, 1265, 1266, 1268, 1269, 1270, 1271, 1272, 1273, 1275, 1276, 1277, 1278, 1279, 1280, 1281, 1282, 1264, 1286, 1287, 1288, 1289, 1379, 1380, 1381, 1382, 1383, 1384, 1385, 1386, 1387, 1388, 1389, 1390, 1391, 1393, 1394, 1395, 1396, 1397, 1398, 1400, 1402, 1403, 1404, 1405, 1406, 1434, 1441, 1442, 1443, 1444, 1445, 1243, 1447, 1448, 1449, 1450, 1451, 1453, 1456, 1457, 1458, 1460, 1461, 1463, 1466, 1467, 1468, 1469, 1470, 1471, 1472, 1473, 989, 1475, 984, 1479, 1480, 1481, 1483, 984, 1485, 1486, 1487, 1488, 1489, 1490, 1492, 1493, 1494, 1495, 1496, 1499, 1500, 1501, 1502, 972, 1504, 1505, 1507, 1508, 1509, 1510, 1483, 1513, 1514, 489, 1518, 1519, 1520, 1521, 1522, 1523, 1524, 1525, 1526, 1527, 1528, 1530, 1531, 1532, 1533, 1535, 1536, 1537, 1538, 1539, 1540, 1442, 1542, 1543, 1544, 1545, 1546, 1547, 1548, 1549, 1550, 1551, 1552, 1553, 1554, 1555, 1557, 1558, 1559, 1560, 1449, 1562, 1563, 1565, 1566, 1567, 1568, 1569, 1570, 1571, 1572, 1573, 1574, 1576, 1577, 1578, 1579, 1580, 1581, 1582, 1583, 1584, 1737, 1742, 1788, 1793, 1802, 1828, 1831, 1867, 1875, 1883, 1900, 2072, 2080, 2081, 1468, 2087, 2088, 2092, 139, 139, 139, 143, 144, 145, 146, 139, 150, 153, 139, 139, 159, 139, 139, 163, 139, 139, 167, 169, 170, 173, 175, 176, 179, 139, 181, 183, 139, 186, 139, 139, 139, 139, 145, 139, 139, 139, 175, 145, 139, 139, 145, 206, 139, 139, 139, 139, 139, 216, 217, 139, 223, 224, 139, 206, 139, 139, 229, 231, 139, 139, 139, 403, 139, 432, 433, 434, 448, 145, 145, 139, 467, 471, 139, 139, 617, 647, 139, 658, 139, 139, 139, 693, 983, 1399, 1401, 1417, 1454, 647, 1462, 1464, 145, 145, 1506, 1516, 1564, 139, 1758, 1774, 1775, 1776, 1777, 1778, 1779, 1780, 1781, 1782, 1783, 1784, 1785, 1786, 1787, 1789, 1790, 1791, 1792, 1789, 1795, 1796, 1797, 1798, 1799, 1800, 1801, 1803, 1804, 1805, 1806, 1807, 1808, 1809, 1810, 1811, 1812, 1813, 1814, 1815, 1816, 1817, 1818, 1819, 1820, 1821, 1822, 1823, 1824, 1825, 1826, 1827, 1829, 1830, 1832, 1833, 1834, 1835, 1836, 1837, 1838, 1839, 1840, 1786, 1842, 1843, 1844, 1845, 1846, 1847, 1848, 1849, 1850, 1851, 1852, 1853, 1854, 1855, 1856, 1857, 1858, 1859, 1860, 1861, 1862, 1863, 1864, 1865, 1866, 1868, 1869, 1870, 1871, 1872, 1873, 1874, 1876, 1877, 1878, 1879, 1880, 1881, 1798, 1884, 1885, 1886, 1887, 1888, 1889, 1890, 1891, 1892, 1893, 1894, 1895, 1896, 1897, 1898, 1899, 1901, 1902, 1903, 2073, 2074, 2075, 2074, 2077, 2078, 2084, 206, 2090, 2091, 2093, 2094, 2095, 2096, 2097, 2098, 154, 965, 978, 1392, 1740, 1749, 149, 1426, 1996, 2083, 2085, 2099, 1754, 2082, 1254, 142, 151, 2011, 484], 5: [948, 296, 269, 380, 869, 121, 329, 868, 1060, 1030, 133, 860, 923, 1767, 1021, 873, 1020, 949, 819, 840, 1043, 1062, 695, 703, 931, 1042, 360, 363, 391, 827, 838, 854, 864, 865, 866, 875, 876, 876, 882, 891, 910, 929, 933, 944, 950, 1018, 1055, 1766, 295, 321, 362, 813, 816, 817, 824, 830, 831, 833, 834, 836, 837, 839, 844, 849, 856, 885, 914, 917, 927, 928, 932, 936, 945, 1054, 1067, 315, 325, 683, 1034, 1036, 1044, 1049, 1764, 1772, 867, 874, 892, 900, 904, 935, 1465, 1512, 1534, 233, 236, 239, 245, 247, 248, 249, 251, 252, 255, 257, 258, 260, 263, 267, 268, 273, 274, 275, 276, 284, 285, 288, 290, 293, 294, 297, 300, 301, 302, 303, 304, 306, 307, 308, 312, 319, 322, 323, 328, 330, 333, 335, 337, 338, 339, 341, 343, 346, 348, 349, 353, 354, 356, 358, 359, 361, 365, 367, 369, 372, 376, 387, 388, 393, 704, 814, 815, 818, 820, 821, 823, 826, 828, 829, 832, 843, 845, 847, 848, 850, 851, 852, 853, 855, 857, 858, 859, 861, 862, 870, 871, 878, 879, 883, 884, 886, 887, 888, 889, 890, 893, 895, 896, 897, 898, 899, 901, 902, 903, 905, 906, 908, 909, 911, 912, 913, 915, 916, 918, 920, 921, 922, 924, 925, 926, 930, 934, 937, 938, 939, 940, 941, 942, 943, 946, 1014, 1016, 1024, 1025, 1028, 1035, 1039, 1040, 1041, 1047, 1050, 1063, 1068], 6: [1987, 1991, 1992, 2003, 2008, 2013, 2018, 2021, 2022, 2029, 2002, 1984, 1990, 1993, 1995, 1997, 2000, 2004, 2005, 2015, 2017, 2020, 2024, 2027, 766, 598, 1676, 1699, 1985, 1988, 1989, 2025, 14, 27, 583, 599, 32, 2026, 16, 31, 41, 43, 575, 592, 1658, 2010, 2, 3, 5, 10, 11, 12, 15, 20, 21, 30, 33, 36, 37, 38, 42, 44, 46, 556, 580, 1340, 1647, 1649, 1678, 1694, 1994, 2001, 2006, 2012, 2023, 0, 1, 6, 8, 9, 13, 17, 22, 23, 26, 28, 35, 39, 559, 566, 567, 569, 571, 573, 582, 584, 590, 591, 593, 594, 597, 600, 606, 1336, 1355, 1358, 1360, 1361, 1365, 1377, 1378, 1646, 1650, 1656, 1660, 1667, 1677, 1680, 1681, 1683, 1684, 1686, 1688, 1986, 2014, 2019, 2028, 2007, 4, 19, 24, 25, 34, 47, 557, 562, 563, 578, 586, 587, 588, 589, 595, 601, 602, 603, 604, 608, 609, 763, 776, 1335, 1337, 1338, 1341, 1342, 1344, 1346, 1347, 1348, 1350, 1351, 1352, 1359, 1370, 1374, 1375, 1376, 1651, 1655, 1659, 1661, 1662, 1665, 1666, 1668, 1670, 1672, 1673, 1674, 1689, 1696, 1697, 1698, 1998, 1999, 7, 40, 45, 558, 2016, 18, 555, 560, 570, 576, 579, 585, 596, 605, 610, 771, 774, 775, 779, 780, 784, 787, 790, 791, 794, 795, 797, 801, 805, 806, 811, 1343, 1345, 1349, 1356, 1363, 1364, 1366, 1369, 1371, 1372, 1645, 1652, 1653, 1663, 1664, 1671, 1675, 1679, 1685, 1690, 1691, 1695, 564, 568, 577, 1354, 607, 767, 772, 777, 786, 789, 803, 804, 809, 812, 1339, 1373, 1648, 1654, 1657, 1669, 1687, 1692, 1693, 29, 561, 565, 574, 581, 810, 1353, 1357, 768, 770, 782, 783, 792, 800, 802, 807, 1644, 572, 773, 1362, 1367, 1368, 764, 769, 778, 781, 785, 788, 793, 796, 799, 808, 1682, 798, 765]}
 
Indice de Rand Corrigido: 0.4135288852387497
