centroides: [[137.0, 105.0, 0.0, 0.11111111, 10.722224, 16.507421, 31.222223, 650.42957], [127.0, 81.0, 0.0, 0.0, 24.33333, 442.17786, 22.111109, 263.09634], [120.92986086177663, 159.54384069347282, 0.025297353978679358, 0.007811893365126664, 2.9209418122310087, 2.8818016676191296, 3.5152040503985, 3.7806817800777925], [80.0, 87.0, 0.0, 0.11111111, 24.388891, 572.9964, 44.722225, 1386.3292], [129.0, 91.0, 0.0, 0.11111111, 27.277779, 752.24066, 25.277779, 377.9295], [31.000000000094104, 68.00000000018821, 0.0, 2.614070732154603e-12, 27.944442999525545, 203.3518799997378, 18.277776999754277, 338.64074999677877], [125.49807327824783, 109.17888197827332, 0.011126378380499463, 0.0002814908592419511, 0.9610807061056462, 0.6436888572707297, 1.1754076192598861, 0.8592929056816205]]
 
Quantidade de elementos por grupo
 Partição 0: 19
 Partição 1: 1
 Partição 2: 666
 Partição 3: 1
 Partição 4: 1
 Partição 5: 2
 Partição 6: 1410
 
 hyperparametros: [359095.1173640539, 197354.48826821733, 0.110636597050649, 0.018022367564357256, 60.78933629248136, 117.58646975935771, 138.41982292651244, 470.98392448408515]
 
Lista de objetos por grupo: {0: [1440, 1556, 1267, 1031, 1465, 2087, 1070, 2079, 1284, 1042, 1455, 1021, 1534, 1247, 1290, 1274, 1708, 1726, 1517], 1: [1477], 2: [2, 7, 8, 9, 14, 22, 26, 27, 29, 32, 40, 43, 53, 57, 61, 64, 67, 80, 82, 86, 87, 92, 93, 94, 99, 106, 109, 112, 114, 120, 122, 123, 261, 313, 373, 390, 555, 557, 562, 573, 580, 588, 592, 593, 600, 601, 618, 622, 658, 677, 684, 686, 691, 699, 773, 777, 780, 790, 791, 795, 803, 805, 809, 810, 818, 820, 822, 827, 830, 831, 833, 834, 839, 841, 846, 854, 857, 860, 867, 868, 869, 870, 872, 875, 878, 885, 886, 890, 893, 894, 896, 898, 905, 907, 909, 910, 916, 917, 928, 929, 930, 935, 940, 946, 947, 951, 955, 1022, 1032, 1037, 1038, 1241, 1245, 1248, 1255, 1282, 1336, 1340, 1342, 1344, 1347, 1350, 1360, 1374, 1428, 1433, 1438, 1646, 1647, 1649, 1656, 1658, 1664, 1665, 1676, 1678, 1686, 1694, 1696, 1700, 1701, 1702, 1704, 1706, 1709, 1710, 1712, 1714, 1715, 1716, 1718, 1720, 1721, 1722, 1722, 1716, 1731, 1738, 1768, 1770, 1771, 1773, 1984, 1988, 1992, 1996, 2002, 2003, 2007, 2008, 2010, 2021, 2025, 2041, 2043, 2072, 2080, 2081, 2082, 2090, 21, 23, 24, 37, 38, 48, 51, 52, 59, 65, 66, 69, 77, 79, 81, 84, 96, 98, 101, 103, 104, 105, 107, 113, 117, 118, 127, 129, 133, 136, 241, 569, 596, 763, 767, 770, 776, 787, 797, 798, 800, 802, 807, 811, 813, 815, 819, 821, 824, 828, 829, 835, 836, 840, 842, 844, 847, 848, 850, 851, 853, 855, 856, 858, 859, 861, 862, 864, 871, 873, 874, 880, 883, 884, 887, 889, 899, 900, 901, 902, 904, 914, 918, 919, 923, 932, 934, 937, 939, 943, 945, 948, 949, 950, 1337, 1339, 1341, 1345, 1346, 1353, 1356, 1357, 1358, 1366, 1370, 1376, 1377, 1409, 1659, 1661, 1680, 1681, 1697, 1699, 1703, 1717, 1723, 1724, 1985, 2009, 2015, 2022, 2024, 2033, 2037, 2040, 2044, 2048, 2055, 2056, 2060, 2062, 2048, 2060, 2093, 55, 89, 91, 108, 116, 124, 130, 183, 292, 379, 779, 816, 817, 823, 826, 832, 845, 849, 863, 866, 876, 879, 876, 888, 892, 895, 897, 903, 912, 920, 925, 926, 927, 941, 942, 1348, 1354, 1367, 1372, 1422, 1427, 1705, 1707, 1711, 1719, 1727, 1733, 1751, 2030, 2042, 2046, 2050, 2042, 2057, 2058, 2067, 2068, 2069, 2070, 68, 102, 119, 299, 695, 696, 704, 705, 891, 933, 944, 1023, 1067, 1263, 1270, 1277, 1285, 2031, 2032, 2034, 2035, 2036, 2039, 2047, 2049, 2051, 2054, 2059, 2061, 2063, 2065, 2049, 54, 63, 134, 286, 326, 350, 389, 397, 400, 448, 449, 473, 682, 690, 694, 703, 1019, 1020, 1026, 1030, 1047, 1051, 1065, 1066, 1371, 1408, 1410, 1411, 1419, 1421, 1435, 1439, 1441, 1457, 1476, 1530, 1570, 1670, 1713, 1746, 2011, 2083, 2085, 132, 282, 380, 1254, 1260, 1266, 1424, 1520, 1529, 1675, 1735, 235, 287, 291, 317, 352, 357, 362, 363, 374, 378, 383, 402, 404, 420, 430, 431, 433, 435, 439, 440, 442, 444, 445, 447, 450, 461, 465, 469, 477, 484, 485, 697, 698, 702, 991, 1057, 1091, 1412, 1416, 1432, 1436, 1461, 1469, 1479, 1490, 1525, 1565, 1575, 1580, 1585, 1732, 2084, 641, 1761, 209, 1278, 1471, 1522, 240, 246, 250, 253, 256, 268, 283, 290, 315, 321, 334, 337, 343, 351, 375, 421, 482, 689, 710, 978, 985, 1045, 1062, 1080, 1083, 1126, 1449, 1495, 1513, 1552, 1449, 345, 1923, 259, 1444, 1748, 1754, 179, 270, 318, 364, 452, 645, 662, 1012, 1089, 1094, 1131, 1169, 1171, 1177, 1197, 1458, 1473, 1540, 169, 281, 1081, 1133, 1251, 252, 332, 342, 419, 456, 961, 988, 1028, 1088, 1099, 1111, 1184, 1207, 1215, 1222, 1228, 1237, 1532, 1056, 1151, 1281, 260, 361, 396, 479, 1076, 1112, 1114, 1137, 1142, 1149, 1153, 1203, 1208, 1210, 1486, 1567, 278, 149, 289, 308, 382, 615, 277, 301, 511, 725, 963, 1035, 1086, 1104, 1166, 1167, 1189, 1205, 1229, 1240, 1443, 1560, 266, 649, 688, 173, 303, 381, 410, 1159, 1168, 1204, 1466, 151, 156, 550, 1504, 223, 376, 1092, 1098, 1179, 1183, 1201, 1213, 1219, 142, 1176, 1199, 1448, 1206], 3: [1512], 4: [1497], 5: [1452, 1482], 6: [1041, 1434, 1437, 765, 95, 1368, 336, 2026, 12, 865, 10, 11, 913, 44, 560, 921, 1369, 1683, 1995, 794, 806, 825, 1338, 1351, 578, 1693, 331, 771, 774, 793, 1361, 115, 1359, 804, 45, 583, 604, 675, 1355, 1685, 1418, 1568, 262, 418, 73, 128, 594, 1375, 608, 852, 908, 1415, 1644, 1663, 566, 2038, 347, 391, 242, 56, 58, 90, 111, 582, 808, 1335, 1378, 28, 71, 74, 83, 110, 922, 392, 1425, 598, 1660, 1728, 62, 125, 591, 837, 931, 1365, 1677, 78, 772, 1417, 6, 36, 47, 567, 585, 597, 1352, 1413, 50, 775, 877, 938, 1343, 1684, 1690, 2004, 561, 1364, 2053, 126, 272, 304, 3, 15, 587, 599, 789, 906, 1392, 1650, 41, 42, 1349, 1362, 1989, 590, 2098, 2099, 72, 258, 20, 85, 88, 602, 1688, 1689, 2094, 33, 60, 838, 843, 911, 1655, 1662, 70, 565, 915, 1657, 34, 46, 559, 49, 75, 75, 801, 1666, 1987, 1998, 5, 100, 814, 882, 1651, 1667, 1674, 1991, 2018, 2020, 2023, 2027, 2029, 605, 1691, 2045, 1682, 76, 595, 606, 812, 936, 1986, 1990, 1993, 31, 97, 121, 589, 786, 1652, 1672, 1679, 2005, 584, 766, 2096, 19, 39, 609, 768, 924, 1671, 1997, 16, 571, 1695, 2001, 0, 1, 4, 13, 581, 1653, 2016, 25, 131, 610, 577, 564, 782, 1423, 18, 568, 579, 1668, 1673, 1698, 2000, 2013, 2017, 575, 792, 1363, 1373, 2012, 570, 576, 1669, 788, 1692, 783, 781, 2088, 229, 563, 607, 784, 1994, 1999, 556, 2019, 586, 778, 799, 2014, 2075, 17, 558, 574, 2006, 1648, 35, 764, 164, 199, 200, 254, 617, 627, 796, 1645, 1654, 1687, 1788, 1798, 1836, 1863, 1798, 2028, 2077, 2086, 166, 176, 603, 616, 769, 2073, 2074, 2074, 2078, 2097, 30, 785, 139, 140, 150, 155, 159, 162, 175, 140, 184, 193, 196, 198, 201, 204, 210, 211, 216, 219, 225, 228, 232, 279, 314, 327, 613, 638, 639, 647, 650, 652, 653, 655, 660, 665, 669, 671, 1069, 1242, 1262, 1264, 1268, 1271, 1272, 1275, 1283, 1380, 1381, 1737, 1742, 1749, 1753, 1758, 1779, 1780, 1785, 1805, 1810, 1817, 1822, 1835, 1844, 1845, 1846, 1855, 1859, 1867, 1870, 1871, 1883, 1890, 1893, 160, 165, 191, 202, 206, 214, 215, 218, 227, 635, 1024, 1396, 1531, 1828, 2092, 264, 377, 619, 634, 656, 666, 998, 1013, 1060, 1064, 1243, 1244, 1252, 1253, 1258, 1269, 1273, 1279, 1289, 1740, 1757, 1767, 1825, 1832, 1843, 1885, 1892, 1898, 194, 213, 624, 628, 633, 640, 664, 668, 1386, 1387, 1743, 1808, 1815, 1818, 1852, 1868, 1873, 1889, 1899, 137, 138, 143, 144, 146, 147, 152, 153, 154, 157, 161, 163, 167, 168, 170, 171, 172, 174, 177, 178, 182, 186, 187, 189, 190, 192, 195, 197, 205, 207, 208, 217, 220, 221, 224, 230, 234, 238, 244, 245, 257, 265, 275, 280, 300, 309, 310, 311, 322, 328, 340, 353, 355, 359, 365, 367, 368, 369, 384, 385, 386, 393, 453, 490, 495, 499, 501, 503, 506, 507, 508, 512, 517, 518, 519, 520, 521, 524, 525, 526, 527, 528, 529, 530, 531, 532, 535, 539, 541, 542, 543, 545, 547, 548, 551, 552, 553, 611, 626, 629, 630, 632, 644, 654, 657, 659, 661, 667, 670, 673, 676, 679, 681, 683, 685, 687, 701, 707, 708, 712, 715, 718, 719, 720, 721, 723, 724, 727, 728, 729, 730, 732, 733, 734, 735, 736, 741, 743, 746, 747, 750, 751, 752, 754, 755, 758, 759, 761, 762, 962, 965, 996, 1005, 1007, 1009, 1011, 1015, 1017, 1033, 1046, 1053, 1054, 1058, 1072, 1073, 1078, 1082, 1101, 1113, 1140, 1146, 1163, 1187, 1191, 1212, 1216, 1217, 1221, 1223, 1225, 1246, 1249, 1250, 1256, 1257, 1259, 1261, 1265, 1276, 1280, 1286, 1287, 1288, 1291, 1292, 1293, 1294, 1295, 1296, 1298, 1300, 1301, 1303, 1304, 1305, 1306, 1307, 1308, 1309, 1310, 1312, 1313, 1314, 1315, 1316, 1317, 1318, 1319, 1323, 1325, 1326, 1328, 1329, 1330, 1331, 1332, 1333, 1334, 1491, 1535, 1587, 1590, 1591, 1592, 1596, 1597, 1598, 1599, 1601, 1602, 1603, 1604, 1605, 1606, 1612, 1613, 1615, 1616, 1617, 1618, 1622, 1623, 1626, 1627, 1628, 1629, 1631, 1632, 1633, 1639, 1640, 1643, 1734, 1736, 1739, 1741, 1745, 1752, 1755, 1759, 1760, 1762, 1763, 1765, 1769, 1826, 1905, 1906, 1908, 1909, 1911, 1912, 1915, 1917, 1919, 1920, 1921, 1922, 1924, 1925, 1926, 1927, 1930, 1931, 1935, 1936, 1937, 1939, 1940, 1942, 1943, 1944, 1946, 1951, 1955, 1959, 1961, 1962, 1968, 1973, 1975, 1976, 1980, 1981, 1982, 2089, 141, 145, 148, 158, 181, 185, 188, 203, 212, 222, 226, 231, 233, 236, 237, 239, 243, 247, 248, 249, 251, 255, 263, 267, 269, 271, 273, 274, 276, 284, 285, 288, 293, 294, 295, 296, 297, 298, 302, 305, 306, 307, 312, 316, 319, 320, 323, 324, 325, 329, 330, 333, 335, 338, 339, 341, 344, 346, 348, 349, 354, 356, 358, 360, 366, 370, 371, 372, 387, 388, 394, 395, 398, 399, 401, 403, 405, 406, 407, 408, 409, 411, 412, 413, 414, 415, 416, 417, 422, 423, 424, 425, 426, 427, 428, 429, 432, 434, 436, 437, 438, 441, 443, 446, 451, 454, 455, 457, 458, 459, 460, 462, 463, 464, 466, 467, 468, 470, 471, 472, 474, 475, 476, 478, 480, 481, 483, 486, 487, 488, 489, 491, 492, 493, 494, 496, 497, 498, 500, 502, 504, 505, 509, 510, 513, 514, 515, 516, 522, 523, 533, 534, 536, 537, 538, 540, 544, 546, 549, 554, 572, 612, 614, 620, 621, 623, 625, 631, 636, 637, 642, 643, 646, 648, 651, 663, 672, 674, 678, 680, 692, 693, 700, 706, 709, 711, 713, 714, 716, 717, 722, 726, 731, 737, 738, 739, 740, 742, 744, 745, 748, 749, 753, 756, 757, 760, 952, 953, 954, 956, 957, 958, 959, 960, 964, 966, 967, 968, 969, 970, 971, 972, 973, 974, 975, 976, 977, 979, 980, 981, 982, 983, 984, 986, 987, 989, 990, 992, 993, 994, 995, 997, 999, 1000, 1001, 1002, 1003, 1004, 1006, 1008, 1010, 1014, 1016, 1018, 1025, 1027, 1029, 1034, 1036, 1039, 1040, 1043, 1044, 1048, 1049, 1050, 1052, 1055, 1059, 1061, 1063, 1068, 1071, 1074, 1075, 1077, 1079, 1084, 1085, 1087, 1090, 1093, 1095, 1096, 1097, 1100, 1102, 1103, 1105, 1106, 1107, 1108, 1109, 1110, 1115, 1116, 1117, 1118, 1119, 1120, 1121, 1122, 1123, 1124, 1125, 1127, 1128, 1129, 1130, 1132, 1134, 1135, 1136, 1138, 1139, 1141, 1143, 1144, 1145, 1147, 1148, 1150, 1152, 1154, 1155, 1156, 1157, 1158, 1160, 1161, 1162, 1164, 1165, 1170, 1172, 1173, 1174, 1175, 1178, 1180, 1181, 1182, 1185, 1186, 1188, 1190, 1192, 1193, 1194, 1195, 1196, 1198, 1200, 1202, 1209, 1211, 1214, 1218, 1220, 1224, 1226, 1227, 1230, 1231, 1232, 1233, 1234, 1235, 1236, 1238, 1239, 1297, 1299, 1302, 1311, 1320, 1321, 1322, 1324, 1327, 1379, 1382, 1383, 1384, 1385, 1388, 1389, 1390, 1391, 1393, 1394, 1395, 1397, 1398, 1399, 1400, 1401, 1402, 1403, 1404, 1405, 1406, 1407, 1414, 1420, 1426, 1429, 1430, 1431, 1442, 1445, 1446, 1447, 1450, 1451, 1453, 1454, 1456, 1459, 1460, 1462, 1463, 1464, 1467, 1468, 1470, 1472, 1474, 1475, 1478, 1480, 1481, 1483, 1484, 1485, 1487, 1488, 1489, 1492, 1493, 1494, 1496, 1498, 1499, 1500, 1501, 1502, 1503, 1505, 1506, 1507, 1508, 1509, 1510, 1511, 1514, 1515, 1516, 1518, 1519, 1521, 1523, 1524, 1526, 1527, 1528, 1533, 1536, 1537, 1538, 1539, 1541, 1542, 1543, 1544, 1545, 1546, 1547, 1548, 1549, 1550, 1551, 1553, 1554, 1555, 1557, 1558, 1559, 1562, 1563, 1564, 1566, 1569, 1571, 1572, 1573, 1574, 1576, 1577, 1578, 1579, 1581, 1582, 1583, 1584, 1586, 1588, 1589, 1593, 1594, 1595, 1600, 1607, 1608, 1609, 1610, 1611, 1614, 1619, 1620, 1621, 1624, 1625, 1630, 1634, 1635, 1636, 1637, 1638, 1641, 1642, 1730, 1744, 1747, 1750, 1756, 1764, 1766, 1772, 1774, 1775, 1776, 1777, 1778, 1781, 1782, 1783, 1784, 1786, 1787, 1789, 1790, 1791, 1792, 1793, 1789, 1795, 1796, 1797, 1799, 1800, 1801, 1802, 1803, 1804, 1806, 1807, 1809, 1811, 1812, 1813, 1814, 1816, 1819, 1820, 1821, 1823, 1824, 1827, 1829, 1830, 1831, 1833, 1834, 1837, 1838, 1839, 1840, 1786, 1842, 1847, 1848, 1849, 1850, 1851, 1853, 1854, 1856, 1857, 1858, 1860, 1861, 1862, 1864, 1865, 1866, 1869, 1872, 1874, 1875, 1876, 1877, 1878, 1879, 1880, 1881, 1884, 1886, 1887, 1888, 1891, 1894, 1895, 1896, 1897, 1900, 1901, 1902, 1903, 1904, 1907, 1910, 1913, 1914, 1916, 1918, 1928, 1929, 1932, 1933, 1934, 1938, 1941, 1945, 1947, 1948, 1949, 1950, 1952, 1953, 1954, 1956, 1957, 1958, 1960, 1963, 1964, 1965, 1966, 1967, 1969, 1970, 1971, 1972, 1974, 1977, 1978, 1979, 1983, 2091, 2095]}
 
Indice de Rand Corrigido: 0.05992385815292266
