centroides: [[21.950249916645816, 19.312496916206506, 29.05777605019534, 17.48047736713946, -7.913259343939404, 21.32257762520844, -13.409318236246788, 29.088759907456403, 0.42434598571721016, -1.9016990465458234], [5.0582923847467205, 6.270823271680786, 5.981896757261847, 2.922157159275975, 3.6375926708805753, 2.770812990161923, -6.40840564396352, 6.556760288925577, 0.4846794148439336, -0.85437082875112], [3.6050336919561903, 1.7864423880745088, 6.698985292558138, 2.3296734592627715, -5.455773974948311, 9.281854730155898, -3.826080758585154, 6.701835528902016, 0.801662959895209, -2.1657928660089474], [44.25638202408454, 39.54168138815156, 54.269859330213606, 38.95760609910338, -14.144102761890425, 30.040432257775983, -15.896329314945433, 54.27971682890122, 0.29177155415508904, -2.058181191385875], [121.15771758791831, 110.11885750635686, 137.32673509079726, 116.02756273786137, -33.11657942328033, 48.50704429871956, -15.390464847936766, 137.32673509079726, 0.1995514065729954, -2.3171594294440396], [58.949833319245585, 52.25210992380946, 73.0906282612868, 51.50676244335161, -20.093169488253096, 42.4223819807705, -22.32921265465256, 73.0906282612868, 0.2991160400835628, -2.0556900555874478], [15.502107590292443, 12.433642201690915, 13.811695535235557, 20.260985344164965, -9.205396354236665, -5.0712366116715115, 14.276632969198419, 20.272401181046686, 0.41435015804445297, 2.27178331556314]]
 
Quantidade de elementos por grupo
 Partição 0: 399
 Partição 1: 176
 Partição 2: 404
 Partição 3: 284
 Partição 4: 299
 Partição 5: 241
 Partição 6: 297
 
 hyperparametros: [517.7024764759402, 545.676098051885, 626.1337784152206, 526.1752652132825, 470.0351665372698, 610.0952901340821, 223.76882449071437, 641.110044861828, 0.3385861772502123, 1.1217740061667525]
 
Lista de objetos por grupo: {0: [241, 283, 392, 450, 469, 485, 696, 702, 1071, 1073, 1074, 1076, 1077, 1078, 1079, 1081, 1082, 1087, 1088, 1089, 1090, 1091, 1093, 1095, 1096, 1099, 1100, 1103, 1104, 1105, 1106, 1110, 1112, 1113, 1114, 1118, 1119, 1125, 1131, 1134, 1136, 1138, 1139, 1140, 1141, 1142, 1144, 1147, 1151, 1155, 1156, 1157, 1158, 1166, 1169, 1172, 1173, 1174, 1175, 1177, 1179, 1181, 1182, 1183, 1187, 1188, 1189, 1190, 1191, 1192, 1195, 1200, 1201, 1202, 1205, 1208, 1215, 1217, 1218, 1221, 1225, 1227, 1228, 1229, 1232, 1233, 1234, 1235, 1237, 1239, 1240, 2009, 2031, 2034, 246, 287, 298, 299, 317, 342, 345, 352, 381, 404, 611, 614, 618, 619, 620, 621, 622, 623, 625, 631, 632, 634, 636, 637, 638, 642, 656, 662, 663, 666, 682, 690, 953, 960, 963, 964, 969, 980, 981, 982, 985, 986, 988, 992, 1000, 1001, 1012, 1072, 1083, 1084, 1085, 1086, 1092, 1097, 1098, 1101, 1107, 1108, 1109, 1111, 1115, 1116, 1117, 1120, 1121, 1122, 1123, 1124, 1126, 1127, 1130, 1132, 1135, 1137, 1143, 1146, 1148, 1149, 1150, 1152, 1153, 1154, 1159, 1160, 1162, 1163, 1164, 1167, 1168, 1171, 1176, 1178, 1184, 1185, 1186, 1193, 1194, 1197, 1198, 1199, 1203, 1204, 1206, 1207, 1209, 1210, 1212, 1213, 1214, 1219, 1220, 1222, 1223, 1224, 1226, 1230, 1231, 1238, 1410, 1411, 1412, 1414, 1419, 1420, 1421, 1422, 1423, 1425, 1429, 1430, 1431, 1435, 1436, 2032, 2035, 2039, 2040, 2043, 2044, 2046, 2047, 2049, 2051, 2054, 2059, 2062, 2049, 2067, 2070, 237, 240, 270, 278, 291, 332, 350, 379, 612, 1031, 2033, 2036, 2038, 2041, 2042, 2045, 2042, 2053, 2055, 2057, 2061, 2063, 2068, 2069, 398, 405, 406, 412, 416, 418, 419, 422, 425, 427, 428, 437, 445, 456, 615, 626, 629, 630, 643, 644, 646, 648, 654, 661, 667, 670, 952, 957, 958, 961, 966, 971, 973, 974, 975, 977, 999, 1004, 1006, 1008, 1267, 1284, 1416, 1418, 1424, 1432, 1517, 1529, 1748, 1755, 1757, 482, 1170, 1407, 1415, 1428, 1433, 1731, 1738, 1739, 1751, 1756, 1760, 439, 465, 956, 1056, 1409, 1413, 1427, 1437, 1744, 1746, 1747, 1094, 1133, 1161, 1216, 161, 222, 230, 397, 415, 420, 421, 430, 462, 473, 492, 641, 657, 659, 671, 954, 976, 991, 1439, 1732, 1735, 1761, 1075, 1236, 156, 209, 400, 444, 474, 486, 645, 649, 1585, 1734, 1736, 1741, 1745, 1759, 2079, 1080, 1128, 1211, 187, 477, 1476, 1102, 1129, 1408, 1733, 1752, 1165, 1196, 1290, 151], 1: [139, 139, 139, 139, 139, 139, 139, 139, 139, 139, 170, 173, 139, 139, 139, 139, 139, 139, 139, 139, 139, 139, 139, 139, 139, 139, 139, 139, 139, 139, 139, 139, 231, 139, 139, 139, 139, 139, 139, 139, 617, 139, 139, 139, 139, 1145, 1180, 139, 1774, 1775, 1776, 1777, 1778, 1779, 1780, 1781, 1782, 1783, 1784, 1785, 1786, 1787, 1788, 1789, 1790, 1791, 1792, 1789, 1795, 1796, 1797, 1798, 1799, 1800, 1801, 1803, 1804, 1805, 1806, 1807, 1808, 1809, 1810, 1811, 1812, 1813, 1814, 1815, 1816, 1817, 1818, 1819, 1820, 1821, 1822, 1823, 1824, 1825, 1826, 1829, 1830, 1832, 1833, 1834, 1835, 1836, 1837, 1838, 1839, 1840, 1786, 1842, 1843, 1844, 1845, 1846, 1847, 1848, 1849, 1850, 1851, 1852, 1853, 1854, 1855, 1856, 1857, 1858, 1859, 1860, 1861, 1862, 1864, 1865, 1866, 1867, 1868, 1869, 1870, 1871, 1872, 1873, 1876, 1877, 1878, 1879, 1880, 1881, 1798, 1883, 1884, 1885, 1886, 1887, 1888, 1889, 1890, 1891, 1892, 1893, 1894, 1895, 1896, 1898, 1899, 1901, 1902, 1903, 1996, 1863, 2084, 179, 223, 1417, 1828, 1900], 2: [1875, 1831, 145, 159, 175, 176, 181, 183, 145, 175, 145, 145, 206, 216, 224, 206, 434, 448, 145, 145, 471, 658, 1454, 145, 145, 1506, 1516, 1564, 1758, 2073, 206, 2091, 166, 184, 211, 219, 396, 399, 407, 408, 410, 413, 414, 417, 423, 417, 426, 429, 431, 438, 441, 443, 446, 447, 451, 453, 454, 455, 463, 468, 470, 472, 475, 476, 478, 480, 481, 487, 488, 489, 490, 493, 613, 624, 628, 633, 635, 639, 640, 650, 651, 652, 655, 664, 668, 959, 967, 489, 970, 972, 979, 984, 987, 989, 990, 994, 489, 996, 997, 998, 1002, 1003, 1005, 1009, 1010, 1011, 1013, 1241, 1242, 1243, 1244, 1245, 1246, 1248, 1249, 1250, 1251, 1252, 1253, 1255, 1256, 1257, 1258, 1259, 1261, 1262, 1263, 1264, 1265, 1266, 1268, 1269, 1271, 1272, 1273, 1275, 1276, 1279, 1280, 1281, 1282, 1264, 1286, 1287, 1288, 1289, 1379, 1381, 1382, 1384, 1385, 1386, 1387, 1388, 1389, 1390, 1391, 1393, 1395, 1396, 1397, 1403, 1404, 1405, 1406, 1441, 1442, 1443, 1444, 1445, 1243, 1447, 1448, 1449, 1450, 1451, 1453, 1456, 1457, 1458, 1460, 1463, 1466, 1467, 1468, 1469, 1472, 1473, 989, 1475, 984, 1479, 1481, 1483, 984, 1485, 1486, 1487, 1488, 1489, 1492, 1493, 1494, 1495, 1496, 1499, 1500, 1501, 1502, 972, 1504, 1505, 1507, 1508, 1509, 1510, 1483, 1513, 1514, 489, 1518, 1519, 1521, 1522, 1523, 1524, 1525, 1526, 1527, 1528, 1531, 1533, 1535, 1536, 1537, 1538, 1539, 1540, 1442, 1542, 1543, 1544, 1545, 1546, 1547, 1548, 1549, 1550, 1551, 1552, 1553, 1554, 1555, 1557, 1558, 1559, 1560, 1449, 1562, 1563, 1566, 1568, 1569, 1570, 1571, 1572, 1573, 1574, 1576, 1577, 1578, 1579, 1581, 1582, 1583, 1584, 1737, 1742, 2072, 2080, 1468, 2087, 2092, 137, 138, 142, 143, 144, 146, 147, 149, 150, 152, 153, 154, 157, 163, 167, 168, 169, 171, 172, 174, 177, 178, 182, 186, 189, 192, 197, 199, 205, 207, 208, 217, 220, 221, 229, 394, 403, 409, 432, 433, 435, 436, 440, 452, 457, 458, 459, 461, 467, 479, 484, 616, 627, 647, 693, 955, 962, 965, 978, 983, 993, 1007, 1254, 1260, 1270, 1277, 1278, 1380, 1383, 1392, 1394, 1398, 1399, 1400, 1401, 1402, 1426, 1434, 1452, 647, 1461, 1462, 1464, 1470, 1471, 1480, 1490, 1520, 1530, 1532, 1565, 1567, 1575, 1580, 1740, 1749, 1754, 1793, 1802, 1827, 1874, 1897, 2011, 2074, 2075, 2074, 2077, 2078, 2081, 2082, 2083, 2085, 2088, 2090, 2093, 2094, 2095, 2096, 2097, 2098, 2099], 3: [2050, 281, 1743, 242, 681, 697, 2037, 1730, 1750, 694, 316, 378, 2060, 2065, 2060, 688, 386, 2048, 2048, 673, 676, 684, 1038, 1066, 1713, 1768, 2030, 2056, 2058, 357, 390, 442, 1285, 371, 675, 685, 282, 1064, 1065, 250, 264, 272, 279, 292, 1015, 1701, 1722, 1722, 1438, 65, 674, 679, 680, 689, 692, 699, 701, 280, 326, 355, 377, 382, 1032, 1033, 1037, 1053, 1057, 1765, 1769, 1773, 313, 320, 1019, 1727, 672, 678, 687, 698, 700, 98, 368, 385, 686, 1061, 1762, 48, 49, 50, 51, 52, 53, 54, 55, 56, 57, 58, 59, 60, 61, 62, 63, 64, 66, 67, 68, 69, 70, 71, 72, 73, 74, 75, 76, 77, 78, 79, 80, 81, 82, 83, 84, 85, 86, 87, 88, 89, 90, 91, 92, 93, 94, 95, 96, 97, 99, 100, 101, 102, 103, 104, 105, 106, 107, 108, 109, 110, 111, 112, 113, 114, 115, 116, 117, 118, 119, 120, 122, 123, 124, 125, 126, 127, 128, 129, 130, 131, 132, 134, 75, 136, 234, 235, 238, 243, 244, 253, 254, 256, 259, 261, 262, 265, 266, 271, 277, 286, 289, 296, 305, 309, 310, 311, 314, 318, 324, 327, 331, 334, 336, 340, 344, 347, 351, 364, 366, 370, 373, 374, 375, 383, 384, 389, 402, 449, 677, 691, 695, 705, 822, 825, 835, 841, 842, 846, 863, 872, 877, 880, 894, 907, 919, 947, 951, 1017, 1022, 1023, 1026, 1027, 1029, 1045, 1046, 1048, 1051, 1052, 1058, 1059, 1069, 1070, 1247, 1274, 1440, 1455, 1477, 1482, 1497, 1556, 1700, 1702, 1703, 1704, 1705, 1706, 1707, 1708, 1709, 1710, 1711, 1712, 1714, 1715, 1716, 1717, 1718, 1719, 1720, 1721, 1723, 1724, 1726, 1728, 1716, 1763, 1770, 1771], 4: [1292, 1295, 1301, 1303, 1305, 1308, 1312, 1315, 1319, 1325, 1333, 497, 503, 504, 506, 508, 512, 517, 520, 521, 524, 525, 526, 528, 529, 530, 531, 532, 533, 535, 541, 542, 543, 544, 545, 547, 548, 549, 551, 706, 707, 708, 709, 710, 711, 712, 713, 714, 715, 716, 717, 718, 719, 720, 721, 722, 723, 724, 725, 726, 727, 728, 729, 730, 731, 732, 733, 734, 735, 736, 737, 738, 739, 740, 741, 742, 743, 744, 745, 746, 747, 748, 749, 750, 751, 752, 753, 754, 755, 756, 757, 758, 759, 760, 761, 762, 1291, 1293, 1294, 1296, 1297, 1298, 1299, 1300, 1302, 1304, 1306, 1307, 1309, 1310, 1311, 1313, 1314, 1316, 1317, 1318, 1320, 1321, 1322, 1323, 1324, 1326, 1327, 1328, 1329, 1330, 1331, 1332, 1334, 1586, 1587, 1588, 1589, 1590, 1591, 1592, 1593, 1594, 1595, 1596, 1597, 1598, 1599, 1600, 1601, 1602, 1603, 1604, 1605, 1606, 1607, 1608, 1609, 1610, 1611, 1612, 1613, 1614, 1615, 1616, 1617, 1618, 1619, 1620, 1621, 1622, 1623, 1624, 1625, 1626, 1627, 1628, 1629, 1630, 1631, 1632, 1633, 1634, 1635, 1636, 1637, 1638, 1639, 1640, 1641, 1642, 1643, 1909, 1916, 1919, 1927, 1935, 1936, 1947, 1951, 1953, 1965, 1975, 494, 495, 496, 498, 499, 500, 501, 502, 505, 507, 509, 510, 511, 514, 515, 516, 518, 519, 522, 523, 527, 534, 536, 537, 538, 539, 540, 546, 550, 552, 553, 554, 1904, 1906, 1907, 1910, 1915, 1918, 1922, 1925, 1929, 1931, 1932, 1938, 1948, 1949, 1950, 1952, 1954, 1956, 1957, 1958, 1960, 1962, 1963, 1964, 1967, 1969, 1970, 1972, 1974, 1976, 1978, 1979, 513, 1908, 1912, 1913, 1914, 1917, 1924, 1934, 1941, 1943, 1955, 1961, 1966, 1971, 1973, 1905, 1911, 1920, 1921, 1928, 1930, 1933, 1937, 1940, 1977, 1981, 1983, 1926, 1945, 1982, 1939, 1942, 1946, 1959, 1980, 1944, 1968], 5: [948, 380, 703, 869, 1020, 1021, 1030, 269, 1060, 121, 868, 949, 1043, 1767, 133, 329, 860, 873, 923, 1062, 819, 840, 1042, 360, 363, 391, 827, 838, 864, 875, 876, 876, 882, 891, 910, 929, 931, 933, 944, 1018, 1055, 1766, 295, 315, 321, 362, 813, 817, 831, 833, 837, 839, 844, 849, 854, 865, 866, 914, 932, 936, 945, 950, 1049, 1067, 1764, 325, 683, 1036, 1044, 1772, 239, 330, 333, 816, 818, 821, 824, 830, 834, 836, 856, 885, 892, 898, 905, 913, 917, 927, 928, 930, 946, 1054, 248, 267, 339, 356, 828, 847, 853, 867, 871, 874, 887, 888, 896, 900, 904, 909, 920, 935, 939, 940, 941, 1034, 1035, 252, 257, 704, 889, 233, 255, 260, 263, 273, 293, 297, 301, 302, 307, 319, 323, 348, 354, 358, 361, 376, 388, 814, 823, 829, 832, 845, 848, 850, 851, 852, 855, 857, 858, 859, 861, 862, 870, 878, 884, 886, 890, 893, 899, 901, 902, 906, 908, 911, 916, 918, 921, 922, 924, 925, 926, 934, 938, 236, 245, 247, 249, 251, 258, 268, 274, 275, 276, 284, 285, 288, 290, 294, 300, 303, 304, 306, 308, 312, 322, 328, 335, 337, 338, 341, 343, 346, 349, 353, 359, 365, 367, 369, 372, 387, 393, 815, 820, 826, 843, 879, 883, 895, 897, 903, 912, 915, 937, 942, 943, 1014, 1016, 1024, 1025, 1028, 1039, 1040, 1041, 1047, 1050, 1063, 1068, 1465, 1512, 1534, 1923], 6: [0, 1, 2, 3, 4, 5, 6, 7, 8, 9, 10, 11, 12, 13, 14, 15, 16, 17, 18, 19, 20, 21, 22, 23, 24, 25, 26, 27, 28, 29, 30, 31, 32, 33, 34, 35, 36, 37, 38, 39, 40, 41, 42, 43, 44, 45, 46, 47, 555, 556, 557, 558, 559, 560, 561, 562, 563, 564, 565, 566, 567, 568, 569, 570, 571, 572, 573, 574, 575, 576, 577, 578, 579, 580, 581, 582, 583, 584, 585, 586, 587, 588, 589, 590, 591, 592, 593, 594, 595, 596, 597, 598, 599, 600, 601, 602, 603, 604, 605, 606, 607, 608, 609, 610, 763, 764, 765, 766, 767, 768, 769, 770, 771, 772, 773, 774, 775, 776, 777, 778, 779, 780, 781, 782, 783, 784, 785, 786, 787, 788, 789, 790, 791, 792, 793, 794, 795, 796, 797, 798, 799, 800, 801, 802, 803, 804, 805, 806, 807, 808, 809, 810, 811, 812, 1335, 1336, 1337, 1338, 1339, 1340, 1341, 1342, 1343, 1344, 1345, 1346, 1347, 1348, 1349, 1350, 1351, 1352, 1353, 1354, 1355, 1356, 1357, 1358, 1359, 1360, 1361, 1362, 1363, 1364, 1365, 1366, 1367, 1368, 1369, 1370, 1371, 1372, 1373, 1374, 1375, 1376, 1377, 1378, 1644, 1645, 1646, 1647, 1648, 1649, 1650, 1651, 1652, 1653, 1654, 1655, 1656, 1657, 1658, 1659, 1660, 1661, 1662, 1663, 1664, 1665, 1666, 1667, 1668, 1669, 1670, 1671, 1672, 1673, 1674, 1675, 1676, 1677, 1678, 1679, 1680, 1681, 1682, 1683, 1684, 1685, 1686, 1687, 1688, 1689, 1690, 1691, 1692, 1693, 1694, 1695, 1696, 1697, 1698, 1699, 1984, 1985, 1986, 1987, 1988, 1989, 1990, 1991, 1992, 1993, 1994, 1995, 1997, 1998, 1999, 2000, 2001, 2002, 2003, 2004, 2005, 2006, 2007, 2008, 2010, 2012, 2013, 2014, 2015, 2016, 2017, 2018, 2019, 2020, 2021, 2022, 2023, 2024, 2025, 2026, 2027, 2028, 2029]}
 
Função Objetivo: 942.4721567421794
 
Tempo de Execução: [121.86533069610596, 109.13542127609253, 130.8033037185669, 105.80378556251526, 97.86352825164795, 113.99594235420227, 139.4253385066986, 99.57708716392517, 134.0476701259613, 121.87423300743103, 114.89776682853699, 92.3150863647461, 104.58720207214355, 818.9728729724884, 90.58880019187927, 87.04204869270325, 91.42929792404175, 115.9443256855011, 80.08800911903381, 86.21068525314331, 118.44981646537781, 134.07959818840027, 98.17589569091797, 100.44027972221375, 90.82504510879517, 71.18437147140503, 99.25049710273743, 90.81096291542053, 84.20944929122925, 105.17526745796204, 90.54522395133972, 87.08673310279846, 89.25116300582886, 69.93323016166687, 92.54814338684082, 91.79196786880493, 98.15797281265259, 95.25877809524536, 96.84822034835815, 91.62153124809265, 99.42852687835693, 104.38628077507019, 107.94435119628906, 109.95103979110718, 78.43488478660583, 85.86108899116516, 104.89669394493103, 81.6924295425415, 85.36142086982727, 100.82228589057922, 105.0295341014862, 104.12936496734619, 104.95439147949219, 102.55421018600464, 81.1935293674469, 81.09801411628723, 107.4492723941803, 80.66486406326294, 101.57699728012085, 78.1124963760376, 99.83246803283691, 95.79452157020569, 79.36923313140869, 100.25915575027466, 109.6594545841217, 98.19429516792297, 127.29328632354736, 83.51574563980103, 84.0143928527832, 101.1206066608429, 107.5903480052948, 64.40003776550293, 53.73953437805176, 70.32466959953308, 71.25260949134827, 78.0682168006897, 76.797030210495, 82.77867341041565, 64.07727646827698, 82.15039873123169, 72.91614151000977, 82.87116146087646, 66.51632761955261, 70.83755207061768, 74.77741956710815, 110.3576250076294, 71.56428623199463, 90.30353593826294, 75.3664059638977, 77.13057470321655, 66.50362920761108, 86.82518339157104, 69.25951218605042, 72.64405274391174, 73.01998496055603, 77.77055335044861, 68.36151266098022, 68.87427735328674, 74.85136580467224, 80.7968738079071]
 
Indice de Rand Corrigido: 0.5134576609297756
