centroides: [[15.481097435388765, 12.420623182080742, 13.79285239081042, 20.229817051520996, -9.181422959585328, -5.0647355918024, 14.246158553089517, 20.242170901356978, 0.41394954303102016, 2.2719840380292267], [44.30445137497048, 39.58905601155528, 54.3179506287834, 39.00634824591245, -14.146186968232628, 30.040498096154938, -15.894310948572572, 54.32836581036003, 0.29147847797314536, -2.058846423673314], [21.791027900189615, 19.19284718136522, 28.858473411253048, 17.32176370281582, -7.794542515534728, 21.202335769238537, -13.407793204755748, 28.89218593559269, 0.4263246953684136, -1.8948844597393855], [108.87267500049661, 96.1627584623031, 127.88075796853936, 102.57451028923053, -38.12974890917787, 57.024244248978576, -18.894494934395674, 127.88075796853936, 0.24888101269652627, -2.301318340913942], [58.86543790639118, 52.18824292258633, 72.97050495049857, 51.43756649388467, -20.03158424744168, 42.31519831944908, -22.283614235375516, 72.97050495049857, 0.298797599266378, -2.0551190355284508], [126.99018669678053, 116.88422566250868, 141.74880729389528, 122.3375304043043, -30.31788328648721, 44.27585316376544, -13.957969983001407, 141.74880729389528, 0.17583824844220014, -2.3192576942525536], [3.934554293343029, 2.89797472054752, 6.462327477075325, 2.443360734167927, -3.1097387609846687, 7.583319468266021, -4.473580707699124, 6.60019582211501, 0.7197931477046086, -1.8519363098430877]]
 
Quantidade de elementos por grupo
 Partição 0: 297
 Partição 1: 281
 Partição 2: 404
 Partição 3: 140
 Partição 4: 242
 Partição 5: 160
 Partição 6: 576
 
 hyperparametros: [386.60858545810675, 426.45031680993645, 499.24174275540304, 391.6727453255216, 547.18806839159, 642.2651631309463, 228.39807962144354, 510.4807140740499, 0.39672763950700574, 2.7749688293813453]
 
Lista de objetos por grupo: {0: [764, 768, 769, 778, 781, 785, 788, 792, 793, 796, 798, 799, 800, 802, 807, 808, 1362, 1367, 1682, 29, 561, 565, 572, 574, 581, 767, 770, 772, 773, 777, 782, 783, 786, 789, 809, 810, 1339, 1353, 1368, 1644, 577, 585, 605, 607, 791, 794, 797, 801, 803, 804, 805, 811, 812, 1354, 1357, 1363, 1369, 1373, 1648, 1652, 1654, 1657, 1669, 1675, 1679, 1687, 1691, 1692, 1693, 18, 564, 568, 576, 610, 774, 775, 780, 784, 787, 1343, 1366, 1371, 1372, 1645, 1653, 1663, 1671, 1685, 560, 570, 596, 771, 779, 795, 1364, 1664, 1695, 555, 579, 776, 790, 806, 1337, 1345, 1349, 1356, 1670, 1674, 1690, 563, 586, 1673, 609, 1346, 1375, 1698, 1352, 1370, 1672, 24, 1335, 1344, 1351, 1668, 1689, 595, 601, 1342, 1347, 19, 34, 45, 603, 608, 1666, 558, 562, 578, 588, 1348, 1376, 47, 1338, 1341, 602, 1359, 1651, 1350, 1998, 7, 589, 1659, 1661, 25, 587, 763, 1697, 1999, 2016, 4, 40, 557, 1655, 1665, 1696, 604, 1374, 1662, 559, 584, 593, 594, 1377, 22, 571, 600, 1358, 1378, 6, 590, 1686, 8, 1660, 1680, 1688, 1361, 1667, 17, 1365, 2007, 1360, 1986, 2014, 9, 566, 567, 1355, 1683, 1684, 2028, 1, 28, 597, 1656, 569, 606, 1677, 2019, 23, 26, 573, 582, 591, 1650, 0, 13, 35, 39, 1336, 1646, 3, 11, 1681, 20, 38, 42, 46, 580, 2001, 2, 10, 21, 1340, 1649, 2012, 5, 15, 33, 556, 1994, 2006, 2023, 30, 36, 37, 44, 12, 1647, 1678, 1694, 575, 43, 1658, 16, 41, 592, 2010, 31, 32, 2026, 765, 14, 27, 599, 583, 1676, 1985, 2025, 766, 598, 1699, 1984, 1988, 1989, 1990, 1995, 2000, 2015, 2027, 1987, 1991, 1992, 1993, 1997, 2003, 2004, 2005, 2008, 2013, 2017, 2018, 2020, 2021, 2024, 2029, 2002, 2022], 1: [1728, 58, 61, 67, 80, 253, 351, 1051, 286, 314, 244, 76, 85, 132, 324, 344, 846, 1017, 238, 254, 1715, 1721, 1482, 374, 449, 48, 49, 50, 53, 54, 55, 56, 57, 59, 60, 62, 63, 64, 66, 70, 71, 72, 73, 74, 75, 78, 79, 81, 82, 84, 88, 89, 90, 91, 92, 93, 94, 95, 96, 99, 101, 103, 105, 106, 107, 108, 109, 111, 112, 113, 114, 115, 117, 118, 120, 122, 123, 124, 125, 126, 127, 128, 130, 131, 75, 256, 277, 289, 305, 311, 327, 331, 340, 389, 822, 825, 835, 841, 842, 863, 872, 877, 880, 894, 907, 919, 947, 951, 1023, 1026, 1046, 1048, 1059, 1070, 1770, 265, 318, 336, 364, 366, 375, 1052, 51, 235, 677, 1045, 700, 691, 52, 672, 383, 119, 310, 69, 116, 687, 698, 1274, 261, 1704, 1714, 266, 259, 1069, 1029, 384, 86, 110, 1027, 243, 1720, 134, 309, 1022, 97, 77, 678, 705, 1455, 1497, 100, 1061, 1440, 1556, 1771, 1763, 1709, 271, 1706, 1477, 102, 1710, 1712, 1717, 1719, 1700, 347, 1716, 1716, 1718, 68, 83, 680, 385, 699, 129, 1724, 104, 1726, 1762, 136, 98, 689, 686, 1708, 1702, 368, 701, 234, 334, 1723, 1705, 402, 87, 1711, 355, 1032, 679, 692, 280, 1057, 1769, 1765, 262, 1707, 377, 382, 1053, 674, 373, 1247, 1703, 65, 675, 1727, 1773, 1058, 326, 1037, 685, 1033, 1064, 1019, 313, 320, 370, 1065, 272, 1722, 1722, 371, 673, 676, 264, 279, 1701, 250, 292, 1015, 282, 1038, 688, 1713, 357, 390, 1438, 2030, 2056, 2058, 386, 1066, 1768, 684, 1285, 2048, 2060, 2048, 2065, 2060, 316, 681, 694, 442, 378, 697, 2037, 1750, 281, 242, 1730, 2050], 2: [209, 641, 1165, 1180, 1476, 2079, 241, 397, 405, 415, 420, 421, 422, 430, 469, 473, 486, 492, 615, 626, 629, 630, 644, 654, 659, 661, 662, 667, 670, 954, 958, 961, 966, 973, 980, 991, 999, 1004, 1008, 1075, 1076, 1078, 1079, 1080, 1081, 1090, 1094, 1102, 1105, 1110, 1113, 1114, 1133, 1146, 1147, 1151, 1155, 1161, 1169, 1172, 1174, 1177, 1187, 1188, 1191, 1200, 1205, 1208, 1216, 1217, 1221, 1232, 1236, 1239, 1414, 1416, 1432, 1439, 1732, 1735, 1755, 1757, 156, 161, 222, 230, 444, 474, 645, 649, 657, 671, 976, 1128, 1129, 1196, 1211, 1585, 1761, 283, 419, 425, 437, 445, 450, 462, 485, 638, 643, 646, 648, 666, 957, 974, 975, 985, 1012, 1073, 1096, 1098, 1103, 1104, 1108, 1118, 1134, 1136, 1141, 1142, 1158, 1163, 1173, 1179, 1182, 1189, 1190, 1195, 1201, 1212, 1215, 1225, 1430, 1431, 2009, 952, 1074, 1082, 1100, 1127, 1156, 1240, 1748, 406, 982, 1419, 1425, 412, 427, 428, 642, 656, 964, 971, 977, 988, 992, 1001, 1006, 1077, 1083, 1089, 1093, 1099, 1101, 1112, 1119, 1132, 1138, 1139, 1140, 1149, 1152, 1166, 1168, 1181, 1202, 1227, 1228, 1229, 1231, 1233, 1234, 1235, 1420, 1424, 619, 620, 963, 981, 1091, 1411, 1421, 1423, 1435, 1517, 1071, 1087, 1088, 1095, 1116, 1124, 1157, 1175, 1178, 1186, 1192, 1197, 1213, 1284, 287, 456, 622, 634, 960, 1000, 1084, 1092, 1154, 1162, 1184, 1209, 1219, 1267, 1131, 398, 1072, 1097, 1109, 1121, 1130, 1160, 1185, 2034, 618, 1106, 1125, 1126, 1144, 1218, 1222, 1226, 1418, 1223, 418, 611, 1410, 1412, 1122, 1199, 1220, 1224, 1206, 969, 1198, 1210, 1422, 1429, 1529, 1120, 1183, 2031, 1407, 392, 1203, 1214, 1760, 953, 1171, 1237, 1085, 1123, 1193, 1111, 1756, 416, 1739, 1143, 1436, 682, 1148, 1230, 1167, 2047, 1117, 381, 1150, 1207, 1153, 317, 986, 1107, 1164, 1176, 614, 1751, 1137, 1115, 690, 1135, 1194, 631, 1238, 1731, 482, 632, 1170, 1204, 1428, 1738, 621, 1415, 1433, 702, 2054, 298, 1086, 1159, 623, 246, 342, 345, 299, 663, 636, 637, 1409, 2044, 2049, 2051, 2059, 2049, 1437, 2070, 352, 625, 1746, 2032, 2038, 2039, 2043, 2046, 2062, 278, 332, 1744, 1747, 404, 439, 612, 956, 237, 1031, 1413, 2035, 2036, 2040, 2042, 2042, 2067, 2069, 291, 1056, 2063, 270, 379, 465, 696, 1427, 1743, 2033, 2041, 2045, 2053, 2055, 2061, 2068, 240, 350, 2057, 400, 1734, 1736, 1741, 1745, 1759, 187, 477, 1145, 1290, 1408, 1733, 1752, 1452, 459, 435], 3: [1905, 1908, 1911, 1912, 1913, 1920, 1921, 1923, 1924, 1926, 1928, 1930, 1933, 1934, 1937, 1939, 1940, 1942, 1944, 1945, 1946, 1955, 1959, 1961, 1968, 1971, 1977, 1980, 1981, 1982, 1983, 1906, 1976, 1914, 1943, 1962, 1973, 1915, 1917, 1922, 1941, 1948, 1966, 500, 513, 1907, 1949, 1952, 1964, 1969, 1979, 498, 505, 511, 546, 1956, 1958, 510, 516, 523, 538, 539, 550, 1931, 1938, 1957, 515, 553, 554, 1925, 1947, 1953, 1970, 496, 501, 507, 514, 536, 537, 540, 1960, 494, 495, 499, 502, 509, 522, 526, 527, 534, 552, 1904, 1910, 1919, 1929, 1954, 1967, 1972, 503, 504, 508, 518, 519, 525, 543, 549, 551, 1916, 1918, 1927, 1951, 1963, 1975, 497, 506, 512, 517, 521, 524, 529, 530, 533, 535, 541, 544, 547, 548, 1909, 1932, 1950, 1974, 1978, 1936, 532, 545, 1965, 1935, 710, 528, 542], 4: [948, 296, 269, 380, 869, 1030, 868, 1060, 329, 121, 860, 923, 1767, 133, 704, 873, 1021, 1020, 949, 840, 819, 1062, 1043, 695, 703, 931, 875, 391, 876, 876, 1042, 363, 360, 944, 910, 933, 1766, 838, 929, 827, 891, 882, 1018, 1055, 1764, 864, 865, 866, 817, 854, 950, 683, 315, 1044, 1049, 1772, 362, 837, 839, 844, 936, 945, 1067, 325, 295, 321, 813, 831, 833, 849, 914, 1036, 816, 824, 830, 834, 836, 856, 885, 917, 927, 932, 1054, 333, 821, 867, 874, 904, 928, 930, 1034, 233, 236, 239, 245, 247, 248, 249, 251, 252, 255, 257, 258, 260, 263, 267, 268, 273, 274, 275, 276, 284, 285, 288, 290, 293, 294, 297, 300, 301, 302, 303, 304, 306, 307, 308, 312, 319, 322, 323, 328, 330, 335, 337, 338, 339, 341, 343, 346, 348, 349, 353, 354, 356, 358, 359, 361, 365, 367, 369, 372, 376, 387, 388, 393, 814, 815, 818, 820, 823, 826, 828, 829, 832, 843, 845, 847, 848, 850, 851, 852, 853, 855, 857, 858, 859, 861, 862, 870, 871, 878, 879, 883, 884, 886, 887, 888, 889, 890, 892, 893, 895, 896, 897, 898, 899, 900, 901, 902, 903, 905, 906, 908, 909, 911, 912, 913, 915, 916, 918, 920, 921, 922, 924, 925, 926, 934, 935, 937, 938, 939, 940, 941, 942, 943, 946, 1014, 1016, 1024, 1025, 1028, 1035, 1039, 1040, 1041, 1047, 1050, 1063, 1068, 1465, 1512, 1534], 5: [531, 706, 707, 708, 709, 711, 712, 713, 714, 715, 716, 717, 718, 719, 720, 721, 722, 723, 724, 725, 726, 727, 728, 729, 730, 731, 732, 733, 734, 735, 736, 737, 738, 739, 740, 741, 742, 743, 744, 745, 746, 747, 748, 749, 750, 751, 752, 753, 754, 755, 756, 757, 758, 759, 760, 761, 762, 1291, 1292, 1293, 1294, 1295, 1296, 1297, 1298, 1299, 1300, 1301, 1302, 1303, 1304, 1305, 1306, 1307, 1308, 1309, 1310, 1311, 1312, 1313, 1314, 1315, 1316, 1317, 1318, 1319, 1320, 1321, 1322, 1323, 1324, 1325, 1326, 1327, 1328, 1329, 1330, 1331, 1332, 1333, 1334, 1586, 1587, 1588, 1589, 1590, 1591, 1592, 1593, 1594, 1595, 1596, 1597, 1598, 1599, 1600, 1601, 1602, 1603, 1604, 1605, 1606, 1607, 1608, 1609, 1610, 1611, 1612, 1613, 1614, 1615, 1616, 1617, 1618, 1619, 1620, 1621, 1622, 1623, 1624, 1625, 1626, 1627, 1628, 1629, 1630, 1631, 1632, 1633, 1634, 1635, 1636, 1637, 1638, 1639, 1640, 1641, 1642, 1643, 520], 6: [2011, 1575, 484, 151, 142, 1254, 2082, 137, 138, 139, 139, 139, 143, 144, 145, 146, 147, 139, 149, 150, 152, 153, 154, 139, 157, 139, 159, 139, 139, 163, 139, 139, 166, 167, 168, 169, 170, 171, 172, 173, 174, 175, 176, 177, 178, 179, 139, 181, 182, 183, 184, 139, 186, 139, 189, 139, 139, 192, 139, 145, 139, 139, 197, 139, 199, 175, 145, 139, 139, 145, 205, 206, 207, 208, 139, 211, 139, 139, 139, 139, 216, 217, 139, 219, 220, 221, 223, 224, 139, 206, 139, 139, 229, 231, 139, 394, 139, 396, 399, 139, 403, 407, 408, 409, 410, 139, 413, 414, 417, 423, 417, 426, 429, 431, 432, 433, 434, 436, 438, 440, 441, 443, 446, 447, 448, 451, 452, 453, 454, 455, 457, 458, 145, 461, 463, 145, 139, 467, 468, 470, 471, 472, 475, 476, 478, 479, 480, 481, 139, 487, 488, 489, 490, 139, 493, 613, 616, 617, 624, 627, 628, 633, 635, 639, 640, 647, 650, 651, 652, 139, 655, 658, 139, 664, 139, 668, 139, 693, 955, 959, 962, 965, 967, 489, 970, 972, 978, 979, 983, 984, 987, 989, 990, 993, 994, 489, 996, 997, 998, 1002, 1003, 1005, 1007, 1009, 1010, 1011, 1013, 1241, 1242, 1243, 1244, 1245, 1246, 1248, 1249, 1250, 1251, 1252, 1253, 1255, 1256, 1257, 1258, 1259, 1260, 1261, 1262, 1263, 1264, 1265, 1266, 1268, 1269, 1270, 1271, 1272, 1273, 1275, 1276, 1277, 1278, 1279, 1280, 1281, 1282, 1264, 1286, 1287, 1288, 1289, 1379, 1380, 1381, 1382, 1383, 1384, 1385, 1386, 1387, 1388, 1389, 1390, 1391, 1392, 1393, 1394, 1395, 1396, 1397, 1398, 1399, 1400, 1401, 1402, 1403, 1404, 1405, 1406, 1417, 1426, 1434, 1441, 1442, 1443, 1444, 1445, 1243, 1447, 1448, 1449, 1450, 1451, 1453, 1454, 1456, 1457, 1458, 647, 1460, 1461, 1462, 1463, 1464, 1466, 1467, 1468, 1469, 1470, 1471, 1472, 1473, 989, 1475, 984, 1479, 1480, 1481, 1483, 984, 1485, 1486, 1487, 1488, 1489, 1490, 145, 1492, 1493, 1494, 1495, 1496, 145, 1499, 1500, 1501, 1502, 972, 1504, 1505, 1506, 1507, 1508, 1509, 1510, 1483, 1513, 1514, 489, 1516, 1518, 1519, 1520, 1521, 1522, 1523, 1524, 1525, 1526, 1527, 1528, 1530, 1531, 1532, 1533, 1535, 1536, 1537, 1538, 1539, 1540, 1442, 1542, 1543, 1544, 1545, 1546, 1547, 1548, 1549, 1550, 1551, 1552, 1553, 1554, 1555, 1557, 1558, 1559, 1560, 1449, 1562, 1563, 1564, 1565, 1566, 1567, 1568, 1569, 1570, 1571, 1572, 1573, 1574, 1576, 1577, 1578, 1579, 1580, 1581, 1582, 1583, 1584, 1737, 1740, 1742, 1749, 139, 1754, 1758, 1774, 1775, 1776, 1777, 1778, 1779, 1780, 1781, 1782, 1783, 1784, 1785, 1786, 1787, 1788, 1789, 1790, 1791, 1792, 1793, 1789, 1795, 1796, 1797, 1798, 1799, 1800, 1801, 1802, 1803, 1804, 1805, 1806, 1807, 1808, 1809, 1810, 1811, 1812, 1813, 1814, 1815, 1816, 1817, 1818, 1819, 1820, 1821, 1822, 1823, 1824, 1825, 1826, 1827, 1828, 1829, 1830, 1831, 1832, 1833, 1834, 1835, 1836, 1837, 1838, 1839, 1840, 1786, 1842, 1843, 1844, 1845, 1846, 1847, 1848, 1849, 1850, 1851, 1852, 1853, 1854, 1855, 1856, 1857, 1858, 1859, 1860, 1861, 1862, 1863, 1864, 1865, 1866, 1867, 1868, 1869, 1870, 1871, 1872, 1873, 1874, 1875, 1876, 1877, 1878, 1879, 1880, 1881, 1798, 1883, 1884, 1885, 1886, 1887, 1888, 1889, 1890, 1891, 1892, 1893, 1894, 1895, 1896, 1897, 1898, 1899, 1900, 1901, 1902, 1903, 1996, 2072, 2073, 2074, 2075, 2074, 2077, 2078, 2080, 2081, 2083, 2084, 2085, 1468, 2087, 2088, 206, 2090, 2091, 2092, 2093, 2094, 2095, 2096, 2097, 2098, 2099]}
 
Indice de Rand Corrigido: 0.41313393773458246
