centroides: [[0.15156073100444392, 0.13834987589756215, 0.19127081233274393, 0.12199936300497981, 0.6943592229050014, 0.35793246823616476, 0.35594093642861313, 0.1915260460216305, 0.4310961323660249, 0.18915394657099624], [0.7498770295131716, 0.0072579640802001855, 0.37765214966073446, 0.839123186232798, 0.9028817550943602, 0.5371556001320973, 0.8783055055878561, 0.737991642871602, 0.5197495973961945, 0.4172547190590862], [0.8246062698861513, 0.7811980022222548, 0.895117451819187, 0.7904381448519678, 0.27107277017094905, 0.6647158675861267, 0.2916442657805231, 0.895117451819187, 0.2108661531373343, 0.12483076522166567], [0.30310911485142117, 0.2828445992563152, 0.3536583854592182, 0.26862294396747705, 0.5972931523106803, 0.4457208395746352, 0.3130705389638018, 0.35372851928082133, 0.2944730737481063, 0.1656214878067035], [0.41222860218670354, 0.38197124541936295, 0.4857055509821915, 0.36291555975749396, 0.49346310273658883, 0.5814153869719697, 0.19981160088602545, 0.4857055509821915, 0.29953326887384657, 0.16516264444300185], [0.10874985785363742, 0.0913643205649341, 0.09236436568573667, 0.14264520917936357, 0.6791838193050805, 0.07894616795776133, 0.8213534053105146, 0.13486977608889, 0.4144957875430528, 0.892336925914217], [0.026672635396685736, 0.021116773887115158, 0.04095269791608612, 0.016859899117309958, 0.787073104354723, 0.20651550837396276, 0.5058646066191709, 0.04195561167889393, 0.667545627279574, 0.21882141949817727]]
 
Quantidade de elementos por grupo
 Partição 0: 401
 Partição 1: 0
 Partição 2: 300
 Partição 3: 284
 Partição 4: 245
 Partição 5: 297
 Partição 6: 573
 
 hyperparametros: [0.5466603715732236, 0.728459915920871, 0.4508146747187832, 0.6260908480374089, 2.5792055108302154, 1.4989960018159805, 1.1423006899435935, 0.45914682217695346, 7.242961083644593, 1.36043068760069]
 
Lista de objetos por grupo: {0: [240, 270, 350, 465, 2033, 2045, 2053, 2055, 2063, 2068, 237, 291, 404, 612, 696, 956, 1031, 1056, 1413, 1744, 1746, 1747, 2035, 2036, 2040, 2042, 2042, 2057, 2069, 278, 332, 352, 625, 1409, 1437, 2032, 2038, 2039, 2043, 2046, 2067, 1086, 246, 342, 345, 636, 637, 1159, 1415, 1433, 2049, 2051, 2059, 2062, 2049, 2070, 482, 1170, 1204, 298, 299, 623, 663, 2044, 1428, 1731, 1738, 1238, 2054, 621, 1751, 632, 1115, 1135, 1137, 1194, 702, 631, 1107, 1150, 1164, 1176, 416, 614, 690, 986, 1117, 1143, 1148, 1153, 1167, 1207, 1230, 1436, 1739, 317, 381, 682, 1407, 1756, 1760, 2047, 398, 418, 953, 1085, 1111, 1123, 1171, 1193, 1214, 1237, 1422, 1429, 611, 618, 969, 1120, 1122, 1125, 1126, 1183, 1198, 1199, 1203, 1206, 1210, 1220, 1222, 1223, 1224, 1410, 1412, 1418, 1529, 456, 392, 960, 1144, 1218, 1226, 2031, 2034, 406, 412, 427, 620, 622, 634, 963, 981, 1000, 1072, 1084, 1091, 1092, 1097, 1106, 1109, 1121, 1130, 1131, 1154, 1160, 1162, 1184, 1185, 1209, 1219, 1411, 1421, 1423, 1425, 1435, 1517, 287, 419, 428, 437, 462, 619, 642, 656, 964, 971, 974, 977, 982, 988, 992, 1001, 1006, 1071, 1077, 1083, 1087, 1088, 1089, 1093, 1095, 1099, 1101, 1112, 1116, 1124, 1132, 1139, 1140, 1149, 1152, 1157, 1166, 1168, 1175, 1178, 1186, 1192, 1197, 1213, 1227, 1228, 1229, 1231, 1233, 1234, 1235, 1267, 1284, 1419, 1420, 1424, 1430, 646, 648, 975, 1098, 1108, 1119, 1138, 1173, 1181, 1202, 283, 415, 420, 421, 422, 425, 445, 450, 473, 485, 615, 629, 630, 638, 643, 644, 661, 666, 667, 670, 952, 957, 961, 973, 985, 1004, 1008, 1012, 1073, 1074, 1082, 1090, 1096, 1100, 1103, 1104, 1110, 1118, 1127, 1134, 1136, 1141, 1142, 1147, 1151, 1156, 1158, 1163, 1177, 1179, 1182, 1189, 1190, 1195, 1201, 1212, 1215, 1217, 1221, 1225, 1240, 1414, 1431, 1748, 1755, 1757, 2009, 405, 486, 492, 626, 654, 954, 958, 966, 991, 999, 1076, 1105, 1113, 1114, 1146, 1169, 1187, 1188, 1205, 1208, 1239, 1416, 1432, 1732, 1735, 156, 161, 222, 230, 241, 397, 430, 444, 469, 474, 657, 659, 662, 976, 980, 1075, 1078, 1079, 1081, 1094, 1133, 1155, 1161, 1172, 1174, 1191, 1200, 1216, 1232, 1439, 1585, 1734, 1741, 1761, 187, 209, 400, 477, 641, 645, 649, 671, 1080, 1102, 1128, 1129, 1165, 1196, 1211, 1236, 1290, 1476, 1736, 1745, 1759, 1408, 2079, 459, 1733, 1752, 435, 1452, 1575, 1145, 1180, 151, 484], 1: [], 2: [494, 495, 496, 497, 498, 499, 500, 501, 502, 503, 504, 505, 506, 507, 508, 509, 510, 511, 512, 513, 514, 515, 516, 517, 518, 519, 520, 521, 522, 523, 524, 525, 526, 527, 528, 529, 530, 531, 532, 533, 534, 535, 536, 537, 538, 539, 540, 541, 542, 543, 544, 545, 546, 547, 548, 549, 550, 551, 552, 553, 554, 706, 707, 708, 709, 710, 711, 712, 713, 714, 715, 716, 717, 718, 719, 720, 721, 722, 723, 724, 725, 726, 727, 728, 729, 730, 731, 732, 733, 734, 735, 736, 737, 738, 739, 740, 741, 742, 743, 744, 745, 746, 747, 748, 749, 750, 751, 752, 753, 754, 755, 756, 757, 758, 759, 760, 761, 762, 1291, 1292, 1293, 1294, 1295, 1296, 1297, 1298, 1299, 1300, 1301, 1302, 1303, 1304, 1305, 1306, 1307, 1308, 1309, 1310, 1311, 1312, 1313, 1314, 1315, 1316, 1317, 1318, 1319, 1320, 1321, 1322, 1323, 1324, 1325, 1326, 1327, 1328, 1329, 1330, 1331, 1332, 1333, 1334, 1586, 1587, 1588, 1589, 1590, 1591, 1592, 1593, 1594, 1595, 1596, 1597, 1598, 1599, 1600, 1601, 1602, 1603, 1604, 1605, 1606, 1607, 1608, 1609, 1610, 1611, 1612, 1613, 1614, 1615, 1616, 1617, 1618, 1619, 1620, 1621, 1622, 1623, 1624, 1625, 1626, 1627, 1628, 1629, 1630, 1631, 1632, 1633, 1634, 1635, 1636, 1637, 1638, 1639, 1640, 1641, 1642, 1643, 1904, 1905, 1906, 1907, 1908, 1909, 1910, 1911, 1912, 1913, 1914, 1915, 1916, 1917, 1918, 1919, 1920, 1921, 1922, 1924, 1925, 1926, 1927, 1928, 1929, 1930, 1931, 1932, 1933, 1934, 1935, 1936, 1937, 1938, 1939, 1940, 1941, 1942, 1943, 1944, 1945, 1946, 1947, 1948, 1949, 1950, 1951, 1952, 1953, 1954, 1955, 1956, 1957, 1958, 1959, 1960, 1961, 1962, 1963, 1964, 1965, 1966, 1967, 1968, 1969, 1970, 1971, 1972, 1973, 1974, 1975, 1976, 1977, 1978, 1979, 1980, 1981, 1982, 1983, 1923], 3: [379, 2041, 2061, 439, 281, 1427, 2050, 681, 242, 697, 1743, 2037, 316, 378, 694, 2060, 2060, 1730, 1750, 357, 386, 390, 684, 688, 1713, 1768, 2048, 2058, 2048, 2065, 442, 1438, 1285, 673, 250, 264, 279, 282, 292, 676, 1038, 1066, 1701, 2030, 2056, 685, 1064, 272, 371, 1015, 1065, 1722, 1722, 679, 1058, 65, 674, 675, 692, 326, 1033, 1037, 1727, 1773, 370, 313, 320, 1019, 262, 373, 1053, 701, 1032, 1769, 280, 355, 377, 382, 1057, 1703, 1707, 1711, 1765, 689, 234, 334, 368, 686, 87, 402, 1702, 1705, 1723, 1247, 680, 699, 104, 1762, 98, 136, 1708, 83, 129, 385, 68, 1724, 1726, 347, 1716, 1718, 1719, 1716, 102, 1700, 1710, 1712, 1717, 678, 1763, 1771, 1709, 1477, 1706, 100, 1061, 1556, 1440, 1455, 1497, 271, 77, 97, 110, 134, 1022, 1027, 309, 259, 1069, 1029, 1720, 86, 243, 384, 687, 698, 69, 116, 119, 266, 1714, 261, 1704, 672, 61, 58, 67, 80, 310, 1051, 52, 351, 383, 1728, 691, 51, 91, 235, 344, 85, 132, 124, 253, 324, 1017, 700, 677, 1045, 1052, 1048, 103, 695, 1059, 305, 1026, 48, 49, 50, 53, 54, 55, 56, 57, 59, 60, 62, 63, 64, 66, 70, 71, 72, 73, 74, 75, 76, 78, 79, 81, 82, 84, 88, 89, 90, 92, 93, 94, 95, 96, 99, 101, 105, 106, 107, 108, 109, 111, 112, 113, 114, 115, 118, 120, 122, 123, 125, 126, 127, 128, 130, 75, 238, 244, 254, 256, 265, 277, 286, 289, 311, 314, 318, 327, 331, 340, 364, 366, 374, 375, 389, 449, 705, 825, 835, 841, 842, 846, 863, 872, 877, 880, 894, 907, 919, 947, 951, 1023, 1046, 1070, 1274, 1482, 1715, 1721, 1770], 4: [822, 296, 117, 131, 336, 948, 703, 380, 869, 1020, 1021, 1030, 1043, 121, 269, 868, 949, 1060, 1767, 133, 329, 860, 873, 923, 1062, 840, 819, 931, 1042, 875, 876, 876, 360, 363, 391, 1766, 838, 910, 929, 944, 933, 827, 864, 882, 891, 854, 865, 866, 950, 1055, 1018, 817, 1764, 362, 936, 683, 831, 837, 844, 945, 1067, 295, 315, 321, 813, 816, 824, 830, 833, 834, 836, 839, 849, 856, 885, 1049, 1772, 1044, 239, 330, 333, 704, 867, 892, 898, 914, 917, 927, 928, 930, 932, 1036, 1054, 233, 252, 257, 260, 263, 267, 293, 301, 302, 339, 361, 388, 818, 821, 828, 847, 850, 853, 857, 862, 870, 871, 887, 888, 889, 900, 904, 905, 906, 909, 913, 920, 935, 940, 941, 946, 1465, 236, 245, 247, 248, 249, 251, 258, 268, 273, 274, 275, 276, 284, 285, 294, 297, 303, 304, 306, 307, 312, 319, 322, 323, 328, 335, 337, 338, 341, 343, 348, 349, 353, 354, 356, 358, 359, 365, 367, 369, 376, 387, 393, 814, 815, 820, 823, 826, 829, 832, 843, 845, 848, 851, 852, 855, 858, 859, 861, 874, 878, 879, 883, 884, 886, 890, 893, 895, 896, 897, 899, 901, 902, 903, 908, 911, 912, 915, 916, 918, 921, 922, 924, 925, 926, 934, 937, 938, 939, 942, 943, 1034, 1047, 1068, 1512, 1534, 255, 288, 290, 300, 308, 325, 346, 372, 1014, 1016, 1024, 1025, 1028, 1035, 1039, 1040, 1041, 1050, 1063], 5: [766, 765, 769, 778, 781, 785, 796, 798, 799, 808, 764, 768, 788, 792, 793, 1682, 770, 782, 783, 800, 802, 807, 1367, 572, 773, 786, 1362, 1368, 1644, 561, 565, 574, 581, 767, 777, 810, 772, 789, 809, 1339, 1654, 1687, 29, 605, 607, 791, 803, 804, 805, 812, 1353, 1354, 1357, 1373, 1648, 1652, 1657, 1669, 1692, 1693, 18, 568, 576, 577, 585, 610, 774, 775, 780, 784, 787, 794, 797, 801, 811, 1343, 1363, 1369, 1371, 1372, 1645, 1653, 1663, 1671, 1675, 1679, 1685, 1691, 555, 560, 563, 564, 570, 579, 586, 596, 609, 771, 776, 779, 790, 795, 806, 1335, 1337, 1345, 1346, 1349, 1352, 1356, 1364, 1366, 1370, 1375, 1664, 1668, 1670, 1672, 1673, 1674, 1690, 1695, 1698, 4, 7, 19, 24, 25, 34, 40, 45, 47, 557, 558, 562, 578, 587, 588, 589, 594, 595, 601, 602, 603, 604, 608, 763, 1338, 1341, 1342, 1344, 1347, 1348, 1350, 1351, 1359, 1374, 1376, 1377, 1651, 1655, 1659, 1661, 1662, 1665, 1666, 1689, 1696, 1697, 1998, 1999, 2016, 1, 6, 8, 9, 13, 17, 22, 23, 26, 28, 559, 566, 567, 569, 571, 573, 582, 584, 590, 591, 593, 597, 600, 606, 1336, 1355, 1358, 1360, 1361, 1365, 1378, 1646, 1650, 1656, 1660, 1667, 1677, 1680, 1681, 1683, 1684, 1686, 1688, 1986, 2007, 2014, 2019, 2028, 0, 2, 3, 5, 10, 11, 12, 15, 20, 21, 30, 33, 35, 36, 37, 38, 39, 42, 44, 46, 556, 575, 580, 1340, 1647, 1649, 1678, 1694, 1994, 2001, 2006, 2012, 2023, 16, 31, 32, 41, 43, 592, 1658, 2010, 2026, 14, 27, 583, 599, 598, 1676, 1699, 1985, 2025, 1984, 1988, 1989, 1990, 1992, 1993, 1995, 1997, 2000, 2004, 2005, 2015, 2017, 2020, 2024, 2027, 1987, 1991, 2002, 2003, 2008, 2013, 2018, 2021, 2022, 2029], 6: [2011, 142, 137, 138, 139, 139, 139, 143, 144, 145, 146, 147, 139, 149, 150, 152, 153, 154, 139, 157, 139, 159, 139, 139, 163, 139, 139, 166, 167, 168, 169, 170, 171, 172, 173, 174, 175, 176, 177, 178, 179, 139, 181, 182, 183, 184, 139, 186, 139, 189, 139, 139, 192, 139, 145, 139, 139, 197, 139, 199, 175, 145, 139, 139, 145, 205, 206, 207, 208, 139, 211, 139, 139, 139, 139, 216, 217, 139, 219, 220, 221, 223, 224, 139, 206, 139, 139, 229, 231, 139, 394, 139, 396, 399, 139, 403, 407, 408, 409, 410, 139, 413, 414, 417, 423, 417, 426, 429, 431, 432, 433, 434, 436, 438, 440, 441, 443, 446, 447, 448, 451, 452, 453, 454, 455, 457, 458, 145, 461, 463, 145, 139, 467, 468, 470, 471, 472, 475, 476, 478, 479, 480, 481, 139, 487, 488, 489, 490, 139, 493, 613, 616, 617, 624, 627, 628, 633, 635, 639, 640, 647, 650, 651, 652, 139, 655, 658, 139, 664, 139, 668, 139, 693, 955, 959, 962, 965, 967, 489, 970, 972, 978, 979, 983, 984, 987, 989, 990, 993, 994, 489, 996, 997, 998, 1002, 1003, 1005, 1007, 1009, 1010, 1011, 1013, 1241, 1242, 1243, 1244, 1245, 1246, 1248, 1249, 1250, 1251, 1252, 1253, 1254, 1255, 1256, 1257, 1258, 1259, 1260, 1261, 1262, 1263, 1264, 1265, 1266, 1268, 1269, 1270, 1271, 1272, 1273, 1275, 1276, 1277, 1278, 1279, 1280, 1281, 1282, 1264, 1286, 1287, 1288, 1289, 1379, 1380, 1381, 1382, 1383, 1384, 1385, 1386, 1387, 1388, 1389, 1390, 1391, 1392, 1393, 1394, 1395, 1396, 1397, 1398, 1399, 1400, 1401, 1402, 1403, 1404, 1405, 1406, 1417, 1426, 1434, 1441, 1442, 1443, 1444, 1445, 1243, 1447, 1448, 1449, 1450, 1451, 1453, 1454, 1456, 1457, 1458, 647, 1460, 1461, 1462, 1463, 1464, 1466, 1467, 1468, 1469, 1470, 1471, 1472, 1473, 989, 1475, 984, 1479, 1480, 1481, 1483, 984, 1485, 1486, 1487, 1488, 1489, 1490, 145, 1492, 1493, 1494, 1495, 1496, 145, 1499, 1500, 1501, 1502, 972, 1504, 1505, 1506, 1507, 1508, 1509, 1510, 1483, 1513, 1514, 489, 1516, 1518, 1519, 1520, 1521, 1522, 1523, 1524, 1525, 1526, 1527, 1528, 1530, 1531, 1532, 1533, 1535, 1536, 1537, 1538, 1539, 1540, 1442, 1542, 1543, 1544, 1545, 1546, 1547, 1548, 1549, 1550, 1551, 1552, 1553, 1554, 1555, 1557, 1558, 1559, 1560, 1449, 1562, 1563, 1564, 1565, 1566, 1567, 1568, 1569, 1570, 1571, 1572, 1573, 1574, 1576, 1577, 1578, 1579, 1580, 1581, 1582, 1583, 1584, 1737, 1740, 1742, 1749, 139, 1754, 1758, 1774, 1775, 1776, 1777, 1778, 1779, 1780, 1781, 1782, 1783, 1784, 1785, 1786, 1787, 1788, 1789, 1790, 1791, 1792, 1793, 1789, 1795, 1796, 1797, 1798, 1799, 1800, 1801, 1802, 1803, 1804, 1805, 1806, 1807, 1808, 1809, 1810, 1811, 1812, 1813, 1814, 1815, 1816, 1817, 1818, 1819, 1820, 1821, 1822, 1823, 1824, 1825, 1826, 1827, 1828, 1829, 1830, 1831, 1832, 1833, 1834, 1835, 1836, 1837, 1838, 1839, 1840, 1786, 1842, 1843, 1844, 1845, 1846, 1847, 1848, 1849, 1850, 1851, 1852, 1853, 1854, 1855, 1856, 1857, 1858, 1859, 1860, 1861, 1862, 1863, 1864, 1865, 1866, 1867, 1868, 1869, 1870, 1871, 1872, 1873, 1874, 1875, 1876, 1877, 1878, 1879, 1880, 1881, 1798, 1883, 1884, 1885, 1886, 1887, 1888, 1889, 1890, 1891, 1892, 1893, 1894, 1895, 1896, 1897, 1898, 1899, 1900, 1901, 1902, 1903, 1996, 2072, 2073, 2074, 2075, 2074, 2077, 2078, 2080, 2081, 2082, 2083, 2084, 2085, 1468, 2087, 2088, 206, 2090, 2091, 2092, 2093, 2094, 2095, 2096, 2097, 2098, 2099]}
 
Indice de Rand Corrigido: 0.46634253771912354
