centroides: [[0.4743083508746299, 0.45370363033082517, 0.6666666466666671, 0.0, 0.05840727345215312, 0.0014863634011356918, 0.048240170187888, 0.0015716258678371506], [0.4851474610849957, 0.34403578343943086, 0.0, 0.002909356096617122, 0.038168178364631426, 0.0009391026592299282, 0.025680100592851016, 0.0007417087055972882], [0.3544147440772266, 0.33472216929739507, 0.0, 0.5, 0.5076057172957581, 0.18862274740076956, 0.8049685768284137, 0.5294921999188531], [0.6007905138339921, 0.2791666666666666, 0.0, 0.5, 0.744296677518112, 0.7888906770308992, 0.7285714205856261, 0.8749256670075102], [0.5596826020394243, 0.311666528796559, 0.0, 0.09999626489562155, 0.757791519982269, 0.4749878970270048, 0.3859639587292141, 0.17062388903064846], [0.5139805195418312, 0.6964795723515174, 0.0, 0.05161189567405709, 0.102691313337503, 0.005875967237981056, 0.09922190823937421, 0.009136059158212565], [0.45231697465830184, 0.5154836009735322, 0.33333332333333354, 0.016460529664528274, 0.06010887716039621, 0.0016141302780379894, 0.04903506125934877, 0.0014030737174383454]]
 
Quantidade de elementos por grupo
 Partição 0: 19
 Partição 1: 1203
 Partição 2: 3
 Partição 3: 2
 Partição 4: 10
 Partição 5: 620
 Partição 6: 243
 
 hyperparametros: [77855.49534361674, 30733.019746136626, 4.366142544564692e-28, 9636.818246322524, 4135.614449302569, 341.17088876617504, 3011.9678201791594, 213.55511067927443]
 
Lista de objetos por grupo: {0: [43, 326, 806, 1018, 1080, 1225, 1228, 1368, 359, 376, 580, 585, 615, 700, 1091, 1112, 1126, 1134, 1153], 1: [30, 137, 138, 141, 142, 143, 144, 145, 146, 147, 148, 149, 151, 152, 153, 154, 156, 157, 158, 161, 163, 165, 167, 168, 169, 170, 171, 172, 173, 174, 175, 177, 178, 179, 181, 182, 185, 186, 187, 188, 189, 190, 191, 192, 193, 194, 195, 197, 202, 203, 204, 205, 207, 208, 212, 213, 214, 215, 217, 218, 220, 221, 222, 223, 224, 225, 226, 228, 231, 233, 234, 237, 238, 239, 240, 242, 243, 244, 245, 246, 247, 248, 250, 251, 253, 255, 260, 262, 263, 264, 265, 267, 268, 269, 270, 271, 272, 273, 275, 276, 278, 280, 281, 283, 284, 285, 289, 290, 293, 294, 295, 296, 297, 298, 300, 301, 302, 303, 304, 305, 306, 308, 309, 310, 312, 315, 316, 319, 320, 321, 322, 323, 325, 327, 328, 329, 330, 331, 332, 333, 335, 337, 338, 339, 340, 341, 342, 343, 346, 348, 349, 351, 353, 354, 355, 358, 360, 361, 365, 366, 367, 368, 370, 371, 372, 375, 377, 381, 382, 384, 385, 386, 387, 388, 391, 393, 394, 395, 396, 398, 399, 401, 403, 405, 406, 407, 408, 410, 411, 412, 413, 414, 416, 417, 418, 419, 422, 423, 424, 425, 426, 427, 428, 429, 432, 434, 436, 437, 438, 441, 443, 446, 451, 453, 456, 458, 459, 460, 462, 464, 466, 467, 468, 469, 470, 471, 472, 474, 475, 476, 478, 480, 482, 483, 486, 487, 488, 489, 490, 491, 492, 493, 494, 495, 496, 497, 498, 499, 500, 501, 502, 503, 504, 505, 506, 507, 508, 509, 510, 512, 513, 514, 515, 518, 519, 520, 521, 522, 523, 525, 526, 527, 528, 529, 530, 531, 532, 533, 534, 535, 536, 537, 538, 540, 541, 542, 543, 544, 545, 547, 548, 549, 550, 551, 552, 553, 554, 572, 611, 612, 613, 614, 616, 619, 620, 621, 622, 623, 624, 626, 628, 629, 630, 631, 632, 633, 634, 635, 636, 637, 639, 640, 641, 642, 643, 644, 646, 647, 648, 649, 650, 651, 654, 656, 657, 659, 660, 661, 662, 663, 664, 666, 667, 668, 670, 672, 673, 674, 676, 678, 679, 680, 681, 683, 685, 692, 693, 701, 706, 708, 709, 711, 712, 713, 714, 715, 716, 717, 718, 719, 720, 721, 722, 723, 724, 725, 726, 727, 728, 730, 731, 732, 733, 734, 735, 736, 738, 739, 740, 741, 743, 744, 745, 746, 747, 749, 750, 751, 752, 753, 754, 755, 756, 757, 758, 759, 760, 761, 762, 769, 953, 954, 957, 958, 959, 960, 961, 962, 963, 964, 965, 966, 967, 968, 969, 970, 971, 972, 973, 974, 975, 976, 977, 978, 979, 980, 981, 983, 984, 985, 986, 987, 988, 989, 990, 992, 993, 994, 995, 996, 997, 998, 999, 1000, 1001, 1002, 1003, 1005, 1006, 1007, 1008, 1009, 1010, 1011, 1012, 1013, 1015, 1016, 1017, 1024, 1025, 1027, 1029, 1033, 1034, 1035, 1036, 1039, 1040, 1041, 1043, 1045, 1046, 1049, 1050, 1053, 1054, 1055, 1058, 1059, 1060, 1061, 1064, 1068, 1069, 1071, 1072, 1073, 1074, 1077, 1078, 1079, 1082, 1085, 1086, 1087, 1089, 1090, 1092, 1093, 1094, 1095, 1097, 1098, 1100, 1101, 1102, 1103, 1104, 1105, 1106, 1107, 1110, 1111, 1113, 1115, 1116, 1117, 1118, 1119, 1120, 1122, 1123, 1125, 1127, 1128, 1129, 1130, 1131, 1132, 1135, 1136, 1137, 1138, 1139, 1140, 1142, 1143, 1145, 1146, 1147, 1148, 1149, 1150, 1155, 1156, 1157, 1159, 1160, 1161, 1163, 1165, 1166, 1168, 1169, 1170, 1171, 1172, 1173, 1174, 1175, 1176, 1178, 1179, 1180, 1182, 1183, 1185, 1186, 1187, 1188, 1191, 1193, 1194, 1195, 1197, 1198, 1199, 1202, 1203, 1204, 1205, 1206, 1207, 1208, 1210, 1211, 1212, 1213, 1214, 1216, 1217, 1218, 1220, 1221, 1224, 1226, 1227, 1230, 1231, 1233, 1235, 1236, 1237, 1238, 1242, 1243, 1244, 1246, 1249, 1250, 1251, 1252, 1253, 1254, 1256, 1257, 1258, 1259, 1261, 1262, 1265, 1266, 1269, 1271, 1272, 1273, 1276, 1278, 1279, 1280, 1281, 1286, 1287, 1288, 1289, 1291, 1292, 1293, 1294, 1295, 1296, 1297, 1298, 1299, 1300, 1301, 1302, 1303, 1304, 1305, 1306, 1307, 1308, 1309, 1310, 1311, 1312, 1314, 1315, 1316, 1317, 1318, 1319, 1320, 1321, 1322, 1323, 1324, 1325, 1326, 1327, 1328, 1329, 1330, 1331, 1332, 1333, 1334, 1379, 1381, 1382, 1383, 1384, 1385, 1386, 1387, 1388, 1389, 1390, 1391, 1393, 1394, 1395, 1396, 1397, 1398, 1399, 1400, 1401, 1402, 1403, 1404, 1405, 1406, 1407, 1414, 1416, 1420, 1423, 1425, 1429, 1430, 1431, 1442, 1444, 1445, 1446, 1447, 1448, 1449, 1450, 1451, 1453, 1454, 1458, 1459, 1460, 1462, 1463, 1464, 1466, 1468, 1470, 1471, 1472, 1473, 1474, 1478, 1481, 1483, 1484, 1485, 1486, 1487, 1488, 1489, 1491, 1492, 1493, 1494, 1495, 1496, 1498, 1499, 1501, 1502, 1503, 1504, 1505, 1506, 1507, 1508, 1510, 1511, 1513, 1514, 1515, 1516, 1518, 1519, 1521, 1522, 1523, 1524, 1525, 1527, 1528, 1531, 1533, 1535, 1536, 1537, 1538, 1540, 1541, 1542, 1544, 1545, 1546, 1547, 1548, 1549, 1550, 1551, 1552, 1553, 1554, 1555, 1558, 1559, 1560, 1449, 1562, 1563, 1564, 1566, 1567, 1569, 1571, 1572, 1573, 1574, 1576, 1577, 1578, 1579, 1582, 1583, 1584, 1586, 1587, 1588, 1589, 1590, 1591, 1592, 1593, 1594, 1595, 1596, 1597, 1598, 1599, 1600, 1601, 1602, 1603, 1605, 1606, 1607, 1608, 1609, 1610, 1611, 1612, 1613, 1614, 1615, 1616, 1617, 1618, 1619, 1621, 1622, 1623, 1625, 1627, 1628, 1629, 1630, 1631, 1633, 1634, 1635, 1636, 1637, 1638, 1639, 1640, 1641, 1642, 1730, 1734, 1735, 1736, 1737, 1739, 1740, 1741, 1742, 1743, 1744, 1745, 1746, 1747, 1750, 1752, 1754, 1755, 1756, 1757, 1759, 1760, 1762, 1763, 1765, 1766, 1767, 1769, 1772, 1774, 1775, 1776, 1777, 1778, 1779, 1780, 1781, 1782, 1783, 1784, 1785, 1786, 1787, 1789, 1790, 1791, 1792, 1793, 1789, 1795, 1796, 1797, 1799, 1800, 1801, 1802, 1803, 1804, 1805, 1806, 1807, 1808, 1809, 1811, 1812, 1813, 1814, 1815, 1816, 1817, 1818, 1819, 1820, 1821, 1823, 1824, 1825, 1826, 1827, 1828, 1829, 1830, 1831, 1832, 1833, 1834, 1837, 1838, 1839, 1840, 1786, 1842, 1843, 1845, 1847, 1848, 1849, 1850, 1851, 1852, 1853, 1854, 1856, 1857, 1858, 1860, 1861, 1862, 1864, 1865, 1866, 1868, 1869, 1870, 1871, 1872, 1873, 1874, 1875, 1876, 1877, 1878, 1879, 1880, 1881, 1884, 1885, 1886, 1887, 1888, 1889, 1891, 1892, 1893, 1894, 1895, 1896, 1897, 1898, 1899, 1900, 1901, 1902, 1903, 1904, 1905, 1906, 1907, 1908, 1909, 1910, 1911, 1912, 1913, 1914, 1915, 1916, 1917, 1918, 1919, 1920, 1921, 1922, 1924, 1926, 1928, 1929, 1930, 1931, 1932, 1933, 1934, 1935, 1936, 1937, 1938, 1939, 1941, 1942, 1943, 1944, 1945, 1946, 1947, 1948, 1949, 1950, 1951, 1952, 1953, 1955, 1956, 1957, 1958, 1959, 1960, 1961, 1962, 1963, 1964, 1966, 1967, 1968, 1969, 1970, 1971, 1972, 1973, 1974, 1975, 1976, 1977, 1978, 1979, 1980, 1981, 1982, 1983, 2088, 2089, 2091, 2095, 653, 665, 1268, 1275, 1283, 1761, 1810, 1846, 1859, 150, 166, 176, 227, 617, 1731, 2092, 2097, 139, 155, 159, 160, 162, 184, 199, 200, 201, 206, 210, 211, 219, 232, 279, 314, 345, 390, 627, 652, 669, 691, 1264, 1282, 1380, 1418, 1749, 1753, 1758, 1798, 1822, 1835, 1844, 1855, 1867, 1798, 1890, 2077, 2078, 140, 164, 140, 196, 198, 216, 655, 1788, 1883, 2086, 785, 1648, 379, 603, 1434, 2073, 2074, 2074, 607, 658, 796, 1245, 1413, 1645, 1687, 1654, 2028, 764, 2075, 778, 799, 563, 792, 579, 784, 35, 574, 2019, 768, 17, 586, 2014, 576], 2: [1556, 1440, 1465], 3: [1512, 1267], 4: [1517, 1455, 1482, 1031, 1070, 1247, 1284, 1477, 1497, 1534], 5: [689, 677, 374, 638, 645, 991, 1260, 1263, 618, 209, 235, 256, 291, 317, 334, 352, 357, 383, 450, 477, 485, 698, 1057, 1062, 1461, 1469, 1568, 1575, 1580, 1732, 34, 72, 126, 132, 183, 282, 286, 350, 362, 363, 378, 380, 402, 420, 430, 431, 433, 435, 439, 440, 442, 444, 445, 447, 448, 461, 473, 564, 577, 610, 682, 697, 702, 783, 788, 955, 1023, 1067, 1410, 1411, 1419, 1421, 1424, 1432, 1435, 1439, 1441, 1452, 1457, 1479, 1520, 1529, 1530, 1565, 1570, 1585, 1670, 1675, 1682, 1692, 1, 4, 13, 25, 36, 49, 54, 55, 63, 68, 70, 78, 102, 107, 119, 130, 131, 134, 261, 292, 299, 313, 389, 397, 400, 404, 449, 465, 558, 559, 566, 581, 584, 590, 597, 605, 606, 690, 694, 695, 703, 704, 705, 765, 766, 779, 795, 818, 820, 822, 825, 830, 831, 833, 834, 839, 841, 845, 846, 860, 863, 866, 867, 868, 869, 878, 886, 888, 890, 893, 894, 896, 907, 909, 910, 913, 917, 923, 925, 928, 930, 933, 940, 941, 944, 947, 951, 1019, 1020, 1021, 1022, 1026, 1030, 1032, 1037, 1038, 1042, 1047, 1051, 1065, 1066, 1241, 1255, 1270, 1277, 1290, 1351, 1372, 1374, 1375, 1408, 1422, 1427, 1476, 1671, 1691, 1708, 1713, 1726, 1733, 1751, 1770, 1771, 1773, 1990, 2000, 2006, 2011, 2026, 2030, 2031, 2032, 2034, 2035, 2036, 2038, 2039, 2043, 2045, 2046, 2047, 2049, 2050, 2051, 2053, 2054, 2058, 2059, 2061, 2063, 2065, 2049, 2068, 2069, 2070, 2079, 2082, 2083, 2085, 2087, 2090, 2098, 696, 1274, 1285, 0, 3, 6, 8, 9, 10, 12, 15, 20, 29, 31, 45, 47, 48, 66, 77, 81, 91, 92, 97, 98, 106, 108, 109, 115, 373, 392, 555, 556, 557, 562, 565, 567, 570, 571, 604, 675, 684, 686, 767, 776, 780, 791, 803, 804, 811, 813, 814, 815, 816, 817, 819, 821, 823, 827, 829, 832, 835, 836, 838, 840, 842, 843, 849, 850, 851, 852, 853, 858, 859, 861, 864, 874, 875, 876, 879, 880, 876, 883, 887, 892, 895, 901, 902, 903, 904, 911, 912, 914, 915, 916, 919, 920, 921, 922, 926, 927, 932, 934, 935, 937, 938, 939, 942, 948, 949, 1339, 1346, 1355, 1357, 1360, 1364, 1365, 1367, 1409, 1428, 1433, 1437, 1651, 1653, 1655, 1660, 1663, 1665, 1669, 1674, 1678, 1679, 1681, 1684, 1685, 1690, 1693, 1694, 1700, 1701, 1702, 1703, 1704, 1705, 1706, 1707, 1709, 1710, 1711, 1712, 1714, 1716, 1717, 1718, 1719, 1720, 1722, 1723, 1724, 1722, 1727, 1716, 1768, 1988, 1992, 1995, 1999, 2001, 2002, 2008, 2009, 2012, 2017, 2020, 2021, 2023, 2033, 2040, 2042, 2044, 2048, 2042, 2056, 2057, 2060, 2062, 2048, 2067, 2060, 2072, 2080, 5, 16, 18, 21, 24, 28, 33, 37, 39, 41, 44, 50, 52, 58, 60, 62, 71, 73, 74, 75, 76, 80, 83, 84, 88, 101, 104, 105, 112, 113, 117, 121, 125, 127, 129, 133, 75, 136, 560, 568, 573, 575, 587, 589, 591, 594, 595, 602, 608, 609, 770, 773, 775, 777, 786, 797, 800, 805, 807, 809, 828, 844, 847, 854, 855, 857, 865, 870, 872, 873, 877, 882, 899, 900, 906, 929, 931, 936, 943, 945, 946, 950, 1337, 1345, 1349, 1363, 1366, 1369, 1370, 1373, 1376, 1377, 1438, 1659, 1662, 1667, 1668, 1672, 1673, 1677, 1680, 1683, 1689, 1695, 1698, 1699, 1715, 1721, 1728, 1989, 1991, 1994, 1998, 2004, 2005, 2015, 2022, 2027, 2029, 2037, 2041, 2055, 2094, 2, 26, 27, 53, 56, 61, 64, 67, 82, 85, 86, 87, 90, 93, 94, 111, 114, 120, 122, 123, 128, 583, 592, 596, 598, 599, 601, 771, 790, 793, 798, 801, 802, 808, 810, 1338, 1340, 1342, 1343, 1352, 1356, 1361, 1649, 1650, 1658, 1661, 1676, 1984, 1987, 1993, 1997, 2013, 2018, 2024, 2025], 6: [7, 11, 22, 23, 40, 46, 582, 588, 593, 600, 781, 897, 908, 1344, 1348, 1350, 1354, 1358, 1371, 1646, 1647, 1656, 1696, 1996, 2007, 2096, 826, 891, 38, 89, 257, 409, 455, 457, 561, 763, 772, 782, 848, 956, 1081, 1359, 1412, 1417, 1426, 1557, 1644, 1985, 2084, 32, 252, 259, 1088, 2081, 14, 1335, 1336, 1341, 1347, 1378, 1686, 2003, 2010, 19, 42, 51, 57, 59, 65, 69, 79, 95, 96, 99, 100, 103, 110, 116, 118, 124, 229, 230, 236, 241, 249, 254, 258, 266, 274, 277, 287, 288, 307, 311, 318, 324, 336, 344, 347, 356, 364, 369, 415, 421, 452, 454, 463, 479, 481, 484, 511, 516, 517, 524, 539, 546, 569, 578, 625, 671, 687, 688, 699, 707, 710, 729, 737, 742, 748, 774, 787, 789, 794, 812, 824, 837, 856, 862, 871, 884, 885, 889, 898, 905, 918, 924, 952, 982, 1004, 1014, 1028, 1044, 1048, 1052, 1056, 1063, 1075, 1076, 1083, 1084, 1096, 1099, 1108, 1109, 1114, 1121, 1124, 1133, 1141, 1144, 1151, 1152, 1154, 1158, 1162, 1164, 1167, 1177, 1181, 1184, 1189, 1190, 1192, 1196, 1200, 1201, 1209, 1215, 1219, 1222, 1223, 1229, 1232, 1234, 1239, 1240, 1248, 1313, 1353, 1362, 1392, 1415, 1436, 1443, 1456, 1467, 1475, 1480, 1490, 1500, 1509, 1526, 1532, 1539, 1543, 1581, 1604, 1620, 1624, 1626, 1632, 1643, 1652, 1657, 1664, 1666, 1688, 1697, 1738, 1748, 1764, 1836, 1863, 1923, 1925, 1927, 1940, 1954, 1965, 1986, 2016, 2093, 2099]}
 
Indice de Rand Corrigido: 0.14798189253341426
