centroides: [[0.4915612724529292, 0.45678488992942146, 0.0, 0.0, 0.05141873466475132, 0.0014614042346872249, 0.03619139729906222, 0.001173783480388016], [0.6007905138339921, 0.2791666666666667, 0.0, 0.5, 0.7442966775181119, 0.7888906770308991, 0.7285714205856261, 0.8749256670075102], [0.5302122179481628, 0.5378654408883735, 0.0, 0.22187375265295356, 0.15047260296909715, 0.01464088834224143, 0.20140462542685106, 0.02877932676619561], [0.5596814519425282, 0.3116661033026186, 0.0, 0.09999406842888152, 0.7577906321890251, 0.4749868777127104, 0.38596384999063105, 0.17062359470523167], [0.47430832063618233, 0.45370363899728, 0.666666646666667, 0.0, 0.05840727196741549, 0.0014863633371021677, 0.04824017068027485, 0.0015716258377692306], [0.3544149450107608, 0.3347221671181072, 0.0, 0.5, 0.507605892727377, 0.18862275059317735, 0.8049685068924938, 0.5294923392051616], [0.45231694185590204, 0.5154836767287704, 0.3333333233333336, 0.01646023259891567, 0.06010885212353557, 0.0016141295008008333, 0.04903503816199278, 0.0014030733974329953]]
 
Quantidade de elementos por grupo
 Partição 0: 1664
 Partição 1: 2
 Partição 2: 160
 Partição 3: 10
 Partição 4: 18
 Partição 5: 3
 Partição 6: 243
 
 hyperparametros: [80728.29014100549, 55128.38431211136, 4.523961864616101e-28, 7087.480590900421, 4409.595593801614, 346.3193890212672, 2293.236856484974, 182.83615313702492]
 
Lista de objetos por grupo: {0: [0, 1, 2, 4, 5, 12, 13, 15, 16, 17, 18, 20, 21, 24, 25, 26, 27, 28, 30, 31, 33, 35, 36, 37, 39, 41, 44, 45, 47, 48, 49, 50, 53, 54, 55, 56, 58, 60, 61, 62, 63, 64, 67, 70, 71, 72, 73, 74, 75, 76, 77, 78, 80, 82, 83, 84, 85, 86, 88, 90, 91, 93, 94, 97, 98, 104, 105, 108, 111, 112, 113, 114, 115, 117, 120, 121, 122, 123, 125, 126, 127, 128, 129, 130, 131, 133, 75, 137, 138, 139, 140, 141, 142, 143, 144, 145, 146, 147, 148, 149, 150, 151, 152, 153, 154, 155, 156, 157, 158, 159, 160, 161, 162, 163, 164, 165, 166, 167, 168, 169, 170, 171, 172, 173, 174, 175, 176, 178, 179, 140, 181, 182, 183, 184, 185, 186, 187, 188, 189, 190, 191, 192, 193, 194, 195, 196, 197, 198, 199, 200, 201, 202, 203, 204, 205, 206, 207, 208, 210, 211, 212, 213, 214, 215, 216, 217, 218, 219, 220, 221, 222, 223, 224, 225, 226, 227, 228, 231, 232, 233, 234, 237, 238, 239, 240, 242, 243, 244, 245, 246, 247, 248, 250, 251, 253, 255, 260, 262, 263, 264, 265, 267, 268, 269, 270, 271, 272, 273, 275, 276, 278, 279, 280, 281, 283, 284, 285, 286, 289, 290, 291, 293, 294, 295, 296, 297, 298, 300, 301, 302, 303, 304, 305, 306, 308, 309, 310, 312, 313, 314, 315, 316, 317, 319, 320, 321, 322, 323, 325, 327, 328, 329, 330, 331, 332, 333, 334, 335, 337, 338, 339, 340, 341, 342, 343, 345, 346, 348, 349, 350, 351, 352, 353, 354, 355, 358, 360, 361, 363, 365, 366, 367, 368, 370, 371, 372, 373, 374, 375, 377, 378, 379, 381, 382, 383, 384, 385, 386, 387, 388, 390, 391, 392, 393, 394, 395, 396, 398, 399, 401, 403, 405, 406, 407, 408, 410, 411, 412, 413, 414, 416, 417, 418, 419, 420, 422, 423, 424, 425, 426, 427, 428, 429, 432, 434, 436, 437, 438, 440, 441, 443, 446, 448, 450, 451, 453, 456, 458, 459, 460, 461, 462, 464, 466, 467, 468, 469, 470, 471, 472, 474, 475, 476, 477, 478, 480, 482, 483, 485, 486, 487, 488, 489, 490, 491, 492, 493, 494, 495, 496, 497, 498, 499, 500, 501, 502, 503, 504, 505, 506, 507, 508, 509, 510, 512, 513, 514, 515, 518, 519, 520, 521, 522, 523, 525, 526, 527, 528, 529, 530, 531, 532, 533, 534, 535, 536, 537, 538, 540, 541, 542, 543, 544, 545, 547, 548, 549, 550, 551, 552, 553, 554, 556, 558, 559, 560, 563, 564, 565, 566, 568, 570, 571, 572, 574, 575, 576, 577, 579, 581, 583, 584, 586, 587, 589, 590, 591, 592, 594, 595, 598, 599, 601, 602, 603, 605, 606, 607, 608, 609, 610, 611, 612, 613, 614, 616, 617, 618, 619, 620, 621, 622, 623, 624, 626, 627, 628, 629, 630, 631, 632, 633, 634, 635, 636, 637, 639, 640, 641, 642, 643, 644, 646, 647, 648, 649, 650, 651, 652, 653, 654, 655, 656, 657, 658, 659, 660, 661, 662, 663, 664, 665, 666, 667, 668, 669, 670, 672, 673, 674, 675, 676, 677, 678, 679, 680, 681, 682, 683, 684, 685, 690, 691, 692, 693, 697, 698, 701, 706, 708, 709, 711, 712, 713, 714, 715, 716, 717, 718, 719, 720, 721, 722, 723, 724, 726, 727, 728, 730, 731, 732, 733, 734, 735, 736, 738, 739, 740, 741, 743, 744, 745, 746, 747, 749, 750, 751, 752, 753, 754, 755, 756, 757, 758, 759, 760, 761, 762, 764, 765, 766, 767, 768, 769, 770, 771, 775, 776, 778, 779, 783, 784, 785, 786, 788, 790, 792, 793, 796, 797, 798, 799, 801, 802, 804, 805, 808, 810, 811, 814, 815, 820, 821, 823, 825, 828, 829, 836, 838, 840, 843, 844, 847, 851, 852, 853, 854, 855, 857, 864, 865, 872, 873, 876, 877, 876, 882, 886, 890, 895, 899, 900, 901, 903, 906, 911, 912, 915, 921, 922, 926, 927, 929, 931, 932, 934, 936, 937, 938, 939, 942, 943, 945, 946, 950, 953, 954, 957, 958, 959, 960, 961, 962, 963, 964, 965, 966, 967, 968, 969, 970, 971, 972, 973, 974, 975, 976, 977, 978, 979, 980, 981, 983, 984, 985, 986, 987, 988, 989, 990, 991, 992, 993, 994, 995, 996, 997, 998, 999, 1000, 1001, 1002, 1003, 1005, 1006, 1007, 1008, 1009, 1010, 1011, 1012, 1013, 1015, 1016, 1017, 1024, 1025, 1027, 1029, 1033, 1034, 1035, 1036, 1039, 1040, 1041, 1043, 1045, 1046, 1047, 1049, 1050, 1053, 1054, 1055, 1058, 1059, 1060, 1061, 1064, 1067, 1068, 1069, 1071, 1072, 1073, 1074, 1077, 1078, 1079, 1082, 1085, 1086, 1087, 1089, 1090, 1092, 1093, 1094, 1095, 1097, 1098, 1100, 1101, 1102, 1103, 1104, 1105, 1106, 1107, 1110, 1113, 1115, 1116, 1117, 1118, 1119, 1120, 1122, 1123, 1125, 1127, 1128, 1129, 1130, 1131, 1132, 1135, 1136, 1137, 1138, 1139, 1140, 1142, 1143, 1145, 1146, 1147, 1148, 1149, 1150, 1155, 1156, 1157, 1159, 1160, 1161, 1163, 1165, 1166, 1168, 1169, 1170, 1172, 1173, 1174, 1175, 1176, 1178, 1179, 1180, 1182, 1183, 1185, 1186, 1187, 1188, 1191, 1193, 1194, 1195, 1197, 1198, 1199, 1202, 1203, 1204, 1205, 1206, 1207, 1208, 1210, 1211, 1212, 1213, 1214, 1216, 1217, 1218, 1220, 1221, 1224, 1226, 1227, 1230, 1231, 1233, 1235, 1236, 1237, 1238, 1242, 1243, 1244, 1245, 1246, 1249, 1250, 1251, 1252, 1253, 1256, 1257, 1258, 1259, 1261, 1262, 1263, 1264, 1265, 1266, 1268, 1269, 1271, 1272, 1273, 1275, 1276, 1278, 1279, 1280, 1281, 1282, 1283, 1286, 1287, 1288, 1289, 1291, 1292, 1293, 1294, 1295, 1296, 1297, 1298, 1299, 1300, 1301, 1302, 1303, 1304, 1305, 1306, 1307, 1308, 1309, 1310, 1311, 1312, 1314, 1315, 1316, 1317, 1318, 1319, 1320, 1321, 1322, 1323, 1324, 1325, 1326, 1327, 1328, 1329, 1330, 1331, 1332, 1333, 1334, 1337, 1338, 1340, 1342, 1343, 1345, 1346, 1349, 1351, 1352, 1356, 1357, 1361, 1363, 1364, 1365, 1366, 1367, 1369, 1370, 1373, 1377, 1379, 1380, 1381, 1382, 1383, 1384, 1385, 1386, 1387, 1388, 1389, 1390, 1391, 1393, 1394, 1395, 1396, 1397, 1398, 1399, 1400, 1401, 1402, 1403, 1404, 1405, 1406, 1407, 1409, 1410, 1411, 1413, 1414, 1416, 1418, 1419, 1420, 1421, 1422, 1423, 1424, 1425, 1427, 1428, 1429, 1430, 1431, 1432, 1434, 1435, 1437, 1438, 1441, 1442, 1445, 1446, 1447, 1448, 1449, 1450, 1451, 1453, 1454, 1458, 1459, 1460, 1461, 1462, 1463, 1464, 1466, 1468, 1470, 1471, 1472, 1473, 1474, 1478, 1481, 1483, 1484, 1485, 1486, 1487, 1488, 1489, 1491, 1492, 1493, 1494, 1495, 1496, 1498, 1499, 1502, 1503, 1504, 1505, 1506, 1507, 1508, 1510, 1511, 1513, 1514, 1515, 1516, 1518, 1519, 1521, 1522, 1523, 1524, 1525, 1527, 1528, 1531, 1533, 1535, 1536, 1537, 1538, 1540, 1541, 1542, 1544, 1545, 1546, 1547, 1548, 1549, 1550, 1551, 1552, 1553, 1554, 1555, 1558, 1559, 1560, 1449, 1562, 1563, 1564, 1566, 1567, 1569, 1571, 1572, 1573, 1574, 1576, 1577, 1578, 1579, 1580, 1582, 1583, 1584, 1586, 1587, 1588, 1589, 1590, 1591, 1592, 1593, 1594, 1595, 1596, 1597, 1598, 1599, 1600, 1601, 1602, 1603, 1605, 1606, 1607, 1608, 1609, 1610, 1611, 1612, 1613, 1614, 1615, 1616, 1617, 1618, 1619, 1621, 1622, 1623, 1625, 1627, 1628, 1629, 1630, 1631, 1633, 1634, 1635, 1636, 1637, 1638, 1639, 1640, 1641, 1642, 1645, 1648, 1649, 1650, 1651, 1653, 1654, 1655, 1658, 1659, 1660, 1661, 1662, 1663, 1667, 1668, 1669, 1671, 1672, 1673, 1674, 1676, 1677, 1679, 1680, 1682, 1683, 1684, 1685, 1687, 1689, 1690, 1691, 1692, 1693, 1695, 1698, 1699, 1715, 1721, 1728, 1730, 1731, 1732, 1734, 1735, 1736, 1737, 1739, 1740, 1741, 1742, 1743, 1745, 1746, 1747, 1749, 1750, 1752, 1753, 1754, 1755, 1756, 1757, 1758, 1759, 1760, 1761, 1762, 1763, 1765, 1766, 1767, 1769, 1770, 1772, 1774, 1775, 1776, 1777, 1778, 1779, 1780, 1781, 1782, 1783, 1784, 1785, 1786, 1787, 1788, 1789, 1790, 1791, 1792, 1793, 1789, 1795, 1796, 1797, 1798, 1799, 1800, 1801, 1802, 1803, 1804, 1805, 1806, 1807, 1808, 1809, 1810, 1811, 1812, 1813, 1814, 1815, 1816, 1817, 1818, 1819, 1820, 1821, 1822, 1823, 1824, 1825, 1826, 1827, 1828, 1829, 1830, 1831, 1832, 1833, 1834, 1835, 1837, 1838, 1839, 1840, 1786, 1842, 1843, 1844, 1845, 1846, 1847, 1848, 1849, 1850, 1851, 1852, 1853, 1854, 1855, 1856, 1857, 1858, 1859, 1860, 1861, 1862, 1864, 1865, 1866, 1867, 1868, 1869, 1870, 1871, 1872, 1873, 1874, 1875, 1876, 1877, 1878, 1879, 1880, 1881, 1798, 1883, 1884, 1885, 1886, 1887, 1888, 1889, 1890, 1891, 1892, 1893, 1894, 1895, 1896, 1897, 1898, 1899, 1900, 1901, 1902, 1903, 1904, 1905, 1906, 1907, 1908, 1909, 1910, 1911, 1912, 1913, 1914, 1915, 1916, 1917, 1918, 1919, 1920, 1921, 1922, 1924, 1926, 1928, 1929, 1930, 1931, 1932, 1933, 1934, 1935, 1936, 1937, 1938, 1939, 1941, 1942, 1943, 1944, 1945, 1946, 1947, 1948, 1949, 1950, 1951, 1952, 1953, 1955, 1956, 1957, 1958, 1959, 1960, 1961, 1962, 1963, 1964, 1966, 1967, 1968, 1969, 1970, 1971, 1972, 1973, 1974, 1975, 1976, 1977, 1978, 1979, 1980, 1981, 1982, 1983, 1984, 1987, 1989, 1990, 1991, 1992, 1993, 1994, 1995, 1997, 1998, 1999, 2000, 2001, 2004, 2005, 2006, 2012, 2013, 2014, 2017, 2018, 2019, 2020, 2022, 2023, 2024, 2025, 2026, 2027, 2028, 2029, 2030, 2038, 2045, 2048, 2050, 2053, 2056, 2058, 2060, 2048, 2060, 2073, 2074, 2075, 2074, 2077, 2078, 2086, 2088, 2089, 2091, 2092, 2094, 2095, 2097, 2098, 3, 34, 132, 555, 573, 777, 791, 809, 822, 830, 839, 863, 878, 913, 928, 940, 951, 1375, 1376, 1675, 1681, 2015, 2061, 2063, 2065, 6, 8, 9, 10, 557, 562, 567, 597, 604, 795, 860, 1355, 1360, 1665, 1678, 1694, 2008, 2021, 101, 136, 357, 850, 858, 874, 883, 902, 904, 1372, 596, 807, 816, 817, 832, 841, 845, 849, 859, 869, 880, 892, 893, 907, 933, 935, 1988, 2036, 780, 831, 910, 1374, 2002, 1469, 52, 81, 914, 2041, 362, 813, 834, 1339, 800, 846, 2049, 2049, 1260, 87, 2011, 2035, 2070, 917, 947, 2051, 1080, 1023, 1254, 1479, 887, 1670, 2054, 941, 261, 833, 920, 1057, 2057, 235, 256, 119, 870, 879, 930, 949, 2037, 2068, 29, 818, 2039, 102, 134], 1: [1267, 1512], 2: [1568, 1444, 1501, 1744, 177, 292, 299, 638, 686, 689, 696, 704, 705, 725, 955, 1019, 1022, 1032, 1065, 1066, 1241, 1277, 1520, 1570, 1733, 1773, 2072, 2087, 66, 92, 106, 107, 109, 209, 282, 380, 389, 397, 400, 402, 404, 430, 431, 433, 435, 439, 442, 444, 445, 447, 449, 465, 473, 645, 694, 702, 703, 773, 819, 827, 835, 842, 861, 875, 888, 916, 919, 923, 925, 948, 1020, 1030, 1037, 1038, 1062, 1111, 1171, 1255, 1270, 1408, 1433, 1439, 1457, 1476, 1529, 1530, 1565, 1575, 1585, 1702, 1704, 1706, 1709, 1710, 1712, 1714, 1716, 1717, 1718, 1719, 1720, 1723, 1724, 1726, 1716, 1751, 1771, 2033, 2040, 2042, 2043, 2044, 2046, 2042, 2055, 2062, 2067, 2069, 2080, 2082, 2083, 2085, 2090, 68, 803, 866, 867, 868, 894, 896, 909, 944, 1026, 1703, 1705, 1707, 1711, 1713, 1727, 2009, 2031, 2032, 2034, 2047, 2059, 695, 1051, 1700, 1701, 1708, 1722, 1722, 1768, 1285, 2079, 1021, 1042, 1452, 1290, 1274], 3: [1497, 1070, 1284, 1455, 1477, 1482, 1517, 1031, 1247, 1534], 4: [43, 326, 359, 376, 580, 585, 700, 806, 1018, 1091, 1112, 1126, 1134, 1153, 1225, 1228, 1368, 615], 5: [1440, 1465, 1556], 6: [259, 51, 69, 89, 103, 252, 257, 287, 288, 336, 364, 409, 421, 452, 454, 455, 457, 479, 481, 484, 561, 781, 782, 824, 862, 952, 956, 1004, 1081, 1133, 1151, 1189, 1215, 1229, 1240, 1412, 1417, 1426, 1509, 1526, 1543, 1557, 2084, 2096, 32, 65, 826, 848, 871, 884, 889, 897, 1088, 1344, 1348, 1647, 7, 40, 46, 582, 588, 593, 600, 891, 1350, 1358, 1646, 1656, 1996, 2007, 11, 22, 23, 38, 42, 116, 124, 578, 763, 772, 787, 908, 1341, 1354, 1359, 1371, 1644, 1696, 1697, 1985, 2010, 1335, 1686, 19, 57, 59, 79, 95, 96, 99, 100, 110, 118, 229, 230, 236, 241, 249, 254, 258, 266, 274, 277, 307, 311, 318, 324, 344, 347, 356, 369, 415, 463, 511, 516, 517, 524, 539, 546, 569, 625, 671, 687, 688, 699, 710, 729, 737, 742, 748, 774, 789, 794, 812, 837, 856, 885, 898, 905, 918, 924, 982, 1014, 1028, 1044, 1048, 1052, 1056, 1063, 1075, 1076, 1083, 1084, 1096, 1099, 1108, 1109, 1114, 1121, 1124, 1141, 1144, 1152, 1154, 1158, 1162, 1164, 1167, 1177, 1181, 1184, 1190, 1192, 1196, 1200, 1201, 1209, 1219, 1222, 1223, 1232, 1234, 1239, 1248, 1313, 1336, 1347, 1353, 1362, 1378, 1392, 1415, 1436, 1443, 1456, 1467, 1475, 1480, 1490, 1500, 1532, 1539, 1581, 1604, 1620, 1624, 1626, 1632, 1643, 1652, 1657, 1664, 1666, 1688, 1738, 1748, 1764, 1836, 1863, 1923, 1925, 1927, 1940, 1954, 1965, 1986, 2003, 2016, 2081, 2093, 2099, 14, 707]}
 
Função Objetivo: 2.0171653846420443
 
Tempo de Execução: [56.20959687232971, 60.33860754966736, 72.37201476097107, 54.49165678024292, 68.8763678073883, 50.464046239852905, 54.72412419319153, 71.78646397590637, 68.73505735397339, 58.49217200279236, 53.5788152217865, 53.71424126625061, 57.24435234069824, 67.44445967674255, 71.89714670181274, 63.916279315948486, 75.71944570541382, 91.41087579727173, 121.8039481639862, 64.79107594490051, 58.28663778305054, 78.77962970733643, 66.72620487213135, 64.00856113433838, 64.84908080101013, 73.57785725593567, 65.61196184158325, 67.76204943656921, 59.19749855995178, 56.16923236846924, 67.58586645126343, 56.6087851524353, 58.212223052978516, 59.90317368507385, 53.68544125556946, 63.93680143356323, 85.06693696975708, 70.97057485580444, 61.72432327270508, 65.84225988388062, 56.596734285354614, 71.73620581626892, 74.05528473854065, 71.96718430519104, 50.60829710960388, 90.57382345199585, 66.60474753379822, 74.00996327400208, 71.30598902702332, 70.52521753311157, 109.64447069168091, 78.06248211860657, 71.80879712104797, 65.78731775283813, 56.31362843513489, 63.46981072425842, 112.80227541923523, 60.40711736679077, 101.10308170318604, 61.68368911743164, 64.73573350906372, 62.5324809551239, 71.36435985565186, 82.455899477005, 112.51106452941895, 100.98739695549011, 86.03815221786499, 97.39510440826416, 104.318434715271, 95.61085152626038, 88.17689490318298, 95.93925738334656, 91.31815147399902, 83.17258310317993, 82.2236316204071, 76.50629615783691, 88.94097900390625, 85.34208226203918, 99.36761426925659, 97.45594191551208, 78.19594883918762, 77.88308930397034, 83.54244947433472, 77.54984951019287, 84.92218685150146, 84.07516551017761, 113.25696420669556, 88.52453207969666, 83.61147022247314, 83.1187481880188, 77.79697060585022, 104.9678418636322, 100.75469183921814, 104.2088418006897, 95.61209559440613, 96.43259739875793, 73.67609143257141, 95.35094499588013, 103.88439893722534, 121.55232501029968]
 
Indice de Rand Corrigido: 0.006882552329055457
